Importers	2010-M04-Exported unit value, US Dollar/Kilograms	2010-M05-Exported unit value, US Dollar/Kilograms	2010-M06-Exported unit value, US Dollar/Kilograms	2010-M07-Exported unit value, US Dollar/Kilograms	2010-M08-Exported unit value, US Dollar/Kilograms	2010-M09-Exported unit value, US Dollar/Kilograms	2010-M10-Exported unit value, US Dollar/Kilograms	2010-M11-Exported unit value, US Dollar/Kilograms	2010-M12-Exported unit value, US Dollar/Kilograms	2011-M01-Exported unit value, US Dollar/Kilograms	2011-M02-Exported unit value, US Dollar/Kilograms	2011-M03-Exported unit value, US Dollar/Kilograms	2011-M04-Exported unit value, US Dollar/Kilograms	2011-M05-Exported unit value, US Dollar/Kilograms	2011-M06-Exported unit value, US Dollar/Kilograms	2011-M07-Exported unit value, US Dollar/Kilograms	2011-M08-Exported unit value, US Dollar/Kilograms	2011-M09-Exported unit value, US Dollar/Kilograms	2011-M10-Exported unit value, US Dollar/Kilograms	2011-M11-Exported unit value, US Dollar/Kilograms	Exported value in 2011-M11, US Dollar thousand	Exported quantity in 2011-M11, Kilograms	
"World"	3.32	3.34	3.49	3.57	3.48	3.48	3.45	3.70	3.75	3.69	3.75	3.86	3.78	3.72	3.75	3.94	3.86	4.01	4.06	3.96	146034	36846816	
"Japan"	5.39	5.44	5.53	5.52	5.58	5.57	5.38	5.60	5.64	5.38	5.20	5.46	5.65	5.74	5.82	6.15	6.13	6.43	6.35	6.43	24261	3772411	
"Russian Federation"	2.83	3.08	3.25	3.16	3.19	3.08	2.93	2.97	2.98	3.21	3.26	3.34	3.68	3.30	3.02	3.34	3.32	3.72	3.81	3.63	11443	3151924	
"Germany"	4.11	3.99	4.19	4.56	4.76	4.83	4.22	5.31	5.54	5.64	5.79	5.47	5.02	4.93	5.85	4.78	5.28	4.02	4.44	4.07	8325	2045777	
"Italy"	2.55	2.51	2.58	2.54	2.67	2.72	2.73	3.16	3.41	3.49	2.95	2.76	2.90	2.96	2.84	3.01	3.22	2.95	2.79	2.88	8302	2886159	
"United States of America"	3.37	3.12	3.37	3.37	3.35	3.22	3.25	3.26	3.27	3.52	3.10	3.80	3.95	4.01	4.02	4.04	3.79	3.96	3.85	3.92	7574	1933039	
"Netherlands"	2.73	2.82	2.81	2.80	2.99	2.90	2.92	2.97	2.79	2.76	2.82	2.78	2.74	2.75	2.86	2.84	2.95	3.09	3.39	3.58	7048	1966196	
"France"	3.21	3.45	3.26	3.13	3.13	3.42	3.68	3.67	3.39	3.64	3.44	3.62	3.80	3.58	3.49	3.67	3.36	3.61	4.00	3.87	6581	1698385	
"United Kingdom"	3.18	3.13	3.41	3.18	3.41	2.95	2.84	3.00	3.19	3.34	3.88	3.87	3.77	4.08	3.57	3.93	3.60	3.54	3.65	3.85	6447	1676346	
"Venezuela, Bolivarian Republic of"	2.76	3.75	3.72	3.85	3.99	3.80	3.88	3.02	3.12	3.31	3.22	3.78	3.71	3.69	3.79	3.76	3.74	3.83	3.98	4.00	6286	1573437	
"Australia"	3.39	3.32	3.58	3.49	3.43	3.49	3.71	3.51	3.64	3.69	4.02	4.07	4.16	3.86	3.67	3.87	4.26	4.03	4.29	4.57	4499	983987	
"South Africa"	3.23	3.25	3.29	3.02	2.75	2.88	2.96	3.15	2.66	3.35	3.53	3.35	3.23	3.48	3.40	3.44	3.31	3.47	3.47	3.17	4117	1300454	
"Canada"	2.72	2.89	3.00	2.93	2.97	2.93	2.94	3.08	2.92	2.97	2.93	3.00	3.55	4.24	3.79	4.37	3.82	3.80	4.25	4.19	4077	972387	
"Iran, Islamic Republic of"	3.11	2.88	2.87	2.89	2.90	3.37	3.06	3.50	2.81	3.03	2.89	2.96	3.10	3.18	3.16	3.73	3.18	3.13	3.93	3.76	3924	1044566	
"Spain"	3.15	3.13	3.47	3.58	3.26	3.47	3.46	3.77	3.32	3.43	3.52	3.37	3.41	3.82	3.72	3.57	3.64	3.84	3.75	4.17	3608	864769	
"Saudi Arabia"	2.84	2.98	2.79	2.90	2.82	2.81	3.12	3.04	2.78	2.93	2.91	2.95	2.75	2.86	3.08	3.10	3.19	3.32	3.39	3.38	3393	1004873	
"Turkey"	3.43	3.41	3.29	5.05	4.31	4.07	3.99	3.50	5.08	4.47	3.38	5.53	4.88	4.87	4.51	4.26	4.52	3.98	3.57	4.20	2372	564404	
"Bangladesh"	2.91	2.69	2.84	2.76	2.84	2.79	2.82	2.84	2.80	2.78	2.68	2.95	2.79	2.82	2.85	2.82	2.96	2.94	3.05	3.08	2202	715820	
"Nigeria"	3.12	3.16	2.89	2.98	3.28	3.07	3.04	3.08	2.92	3.01	2.99	3.16	3.19	3.13	3.12	3.25	3.28	3.26	3.36	3.44	2137	621728	
"Tunisia"		2.59	2.59	2.46	2.28	2.61	2.65		2.54	2.34		2.52	2.37		2.62	3.60	3.21	3.17	2.63	2.85	2113	741720	
"Chile"	3.33	3.42	3.21	3.46	2.94	2.81	3.00	3.06	2.48	3.25	3.71	3.38	3.51	3.30	3.35	3.75	3.69	4.05	3.66	3.71	2057	554382	
"Malaysia"	3.60	3.85	4.03	3.79	3.57	3.56	3.37	3.42	4.19	4.07	3.97	3.73	3.76	3.52	5.17	4.31	4.33	4.14	5.12	4.12	1359	329614	
"United Arab Emirates"	2.77	2.76	3.03	2.94	2.80	2.89	2.87	2.66	3.10	2.97	2.97	2.86	3.12	3.15	3.07	3.06	2.89	3.20	3.19	3.50	1118	319801	
"Algeria"	2.17	2.41	2.58	2.53	2.55	2.74		3.09	3.00	2.89	2.26	2.74	3.62	3.03	2.94	3.24	3.56	4.36		3.47	975	281375	
"Poland"	3.26	3.75	3.07	2.90	2.91	3.09	3.34	3.13	2.82	3.09	3.50	3.87	3.04	3.50	3.44	3.44	3.83	4.24	3.79	3.95	938	237602	
"Hong Kong, China"	3.42	3.38	3.82	3.41	3.37	3.62	3.28	3.59	3.55	3.64	4.16	3.20	3.41	3.74	3.90	3.42	4.12	3.71	3.74	4.50	934	207337	
"Sweden"	2.76	2.96	3.08	3.42	3.14	3.72	3.16	3.50	2.96	3.62	4.53	3.47	5.07	3.49	3.25	4.95	4.22	6.81	5.12	5.65	930	164587	
"Kazakhstan"	3.41	3.10	3.04	3.59	3.19	3.16	3.04	3.23	3.18	3.13	3.11	3.31	3.27	3.44	3.16	3.24	3.57	3.41	3.68	4.00	904	225780	
"Indonesia"	4.01	3.49	3.53	3.71	3.93	4.65	4.92	4.11	4.29	3.87	4.07	4.47	4.20	4.61	4.18	4.99	5.64	5.47	5.01	5.04	866	171968	
"Portugal"	3.23	2.73	2.82	2.94	2.87	3.05	2.98	2.86	3.10	3.24	3.56	2.85	3.64	2.88	2.87	3.10	3.57	3.54	3.17	3.40	800	235581	
"Greece"	3.03	2.94	3.25	2.64	2.98	2.92	2.97	3.21	3.14	3.75	3.05	3.24	3.22	3.22	3.03	3.51	3.42	3.92	3.27	4.13	732	177151	
"New Zealand"	3.56	3.23	3.62	3.94	3.94	3.57	4.08	3.57	3.57	3.44	3.63	3.95	3.69	3.70	3.78	3.87	3.97	3.91	4.23	3.67	658	179094	
"Viet Nam"	4.75	6.30		4.45	3.92	4.16	3.99	4.61	5.27	3.09	1.88	4.81	3.90	2.78	2.77	3.88	2.99	2.95	4.44	3.11	644	206818	
"Romania"	2.46	2.87	2.57	3.32	2.76	2.97	3.29	3.26	2.63	3.41	3.57	3.35	3.50	3.37	3.48	3.61	3.96	3.89	3.79	3.67	642	174915	
"Macao, China"															7.14	9.26			5.95	6.78	534	78780	
"Mongolia"	3.19	3.21	2.89	3.04	2.89	2.95	2.67	3.00	3.17	3.03	3.00	3.03	2.98	2.99	3.07	3.19	3.08	3.44	3.33	3.28	493	150465	
"Slovakia"	3.56	2.95	3.63	3.47	3.35	3.45	3.69	3.84	3.79	3.66	3.83	3.72	3.84	3.52	3.85	4.10	4.08	3.74	3.95	3.94	483	122544	
"Peru"	2.80	3.88	3.35	3.52	3.18	3.22	3.02	3.12	2.84	2.88	3.04	3.04	4.07	3.48	3.60	3.29	3.55	3.95	3.51	3.29	461	140132	
"Ghana"	3.28	2.58	3.15	3.04	2.86	2.92	2.80	3.03	2.80	2.96	2.95	2.64	3.31	3.38	2.92	3.29	3.14	3.27	3.39	3.27	446	136285	
"Panama"	3.31	4.17	3.04	3.37	2.76	2.87	2.62	3.16	2.90	3.00	3.17	3.66	3.69	3.23	3.32	2.88	3.32	3.14	3.76	3.33	441	132436	
"India"	3.70	3.87	4.23	4.11	4.39	4.16	4.22	4.41	4.12	4.12	3.90	4.20	4.26	4.13	5.02	5.67	6.27	5.64	5.44	5.00	431	86183	
"Mexico"	4.02	3.77	3.74	3.54	3.39	3.16	3.33	3.40	3.16	3.53	4.04	3.89	3.83	3.88	3.96	3.85	3.89	4.77	4.11	4.41	395	89608	
"Côte d'Ivoire"	2.78	2.79	2.80	2.49	2.37	3.19	2.60	2.71	3.13	2.53					2.92	2.89	3.82	2.90	2.78	3.31	395	119438	
"Egypt"				3.57					2.72				2.84			3.70				3.70	370	100010	
"Uzbekistan"	3.35	2.92	3.22	3.26	3.04	3.28	2.95	3.26	3.23	3.17	3.26	3.28	3.35	3.70	3.51	2.96	2.60	3.52	3.83	3.71	356	95890	
"Ecuador"	3.90	3.75	3.89	4.01	3.22	3.50	3.65	3.61		3.91	3.42	3.85	4.00	4.27	3.62	3.11	4.18	3.98	4.62	4.50	355	78902	
"Paraguay"		2.76	2.52		3.07			2.52	2.39	2.79	2.44	2.47	2.52	2.62	3.83	2.83	3.02	2.81	2.32	2.28	345	151470	
"Israel"	2.44	4.27	3.50	3.11	2.40	3.09	3.25	2.79	4.06	3.17	2.73	4.28	4.16	4.42	4.17	4.45	4.37	4.42	4.37	4.49	329	73302	
"Angola"	2.63	2.57	2.77	3.30	2.85	2.92	2.62	2.74	2.55	2.86	2.99	3.10	3.53	3.03	3.08	3.04	3.00	3.04	2.97	3.20	320	99928	
"Czech Republic"	2.94	4.28	3.28	3.07	2.96	3.16	3.44	3.38	3.74	3.60	3.58	4.27	3.49	3.29	3.53	3.03	3.90	3.91	3.59	3.43	319	92911	
"Georgia"	2.87	2.79	2.99	2.86	2.96	3.31	3.27	2.37	2.25	2.87	3.42	3.32	3.17	3.25	3.08	3.62	3.72	3.76	3.83	3.62	301	83217	
"Philippines"	3.47	3.26	3.08	3.27	3.00	2.85	3.18	3.39	2.99	3.02	3.50	3.40	3.56	3.22	3.48	3.74	3.86	4.08	4.09	4.28	295	68885	
"Ireland"	2.19	2.53	2.37	2.60	2.72	2.52	2.72	3.22		4.27	3.28	2.56	2.43	2.78	2.70	3.16		3.02	2.67	2.98	291	97785	
"Singapore"	3.40	3.47	3.36	3.41	3.31	3.54	3.38	3.48	4.38	3.36	3.99	3.71	3.52	3.92	4.04	3.83	4.28	5.00	5.16	3.66	285	77949	
"Ethiopia"	2.66	2.81	2.90	2.84	2.72	2.72	2.81	2.58	2.70	2.78	2.65	2.91	2.26	2.95	3.10	2.78	3.03	3.01	3.08	3.00	281	93559	
"Korea, Democratic People's Republic of"	3.01	3.10	3.33	3.20	2.89	3.11	3.14	3.30	3.14	3.47	2.90	2.80	3.12	3.32	3.00	3.35	3.26	3.59	3.17	3.63	265	72961	
"Belgium"	2.44	3.02	2.56	2.76	2.37	2.54	4.26	3.49	3.97	3.71	3.71	2.92	3.49	3.78	2.96	3.05	3.35	3.72	2.97	3.15	259	82313	
"Finland"		3.73	2.36	6.21	5.59	4.01	3.90	3.00	3.85	3.93	5.76	5.78	3.57	3.04	3.45	5.28	3.91	3.67	6.14	5.71	251	43992	
"Myanmar"	2.90	3.39	3.66	3.90	2.78	2.28	3.33	2.81	3.61	2.67	5.24	2.84	3.00	4.57	2.75	2.91	3.12	3.10	3.10	2.92	221	75667	
"Pakistan"	3.07	3.31	2.74		3.34		3.49	3.10	3.71	3.59	4.55	3.20	3.73	3.53	3.35	3.47	3.86	3.39	3.62	3.24	221	68253	
"Jordan"	2.69	2.49	2.62	2.88	2.73	2.42	2.44	2.55	2.02	2.67	2.63	2.54	2.68	2.81	2.60	2.69	2.76	2.79	3.19	2.76	220	79782	
"Ukraine"	2.94	3.56	2.80	3.16	3.23	3.25	2.98	3.21	3.22	3.25	3.34		4.22	3.29	3.62	3.44	4.05	4.14	3.64	4.58	220	47999	
"Kuwait"	3.01	2.74	2.90	2.98	2.95	2.95	2.89	3.28	2.91	3.14		3.49	2.70	3.24	2.90	3.14	3.25	3.51	3.54	3.63	214	58955	
"Mauritius"	3.30	2.92	3.10	2.94	2.91	3.09	2.92	3.06	2.38	3.06	2.86	2.92	3.03	3.06	3.60	3.10	3.39	3.54	3.54	3.28	213	64896	
"Morocco"	2.83	3.36	3.02		3.00	2.73	3.18	3.03	3.20	2.85	3.29	3.98	2.90	3.07	3.19	3.29	3.13	3.18	3.05	4.03	195	48447	
"Norway"	8.16	3.67	3.59	3.69	3.79		3.45	4.20	3.92	4.37	4.49	3.91	3.55	4.62	4.43	3.90	3.96	4.01	3.62	3.74	172	46008	
"Kyrgyzstan"	3.45	3.22	3.03	3.01	3.28	2.42	2.86	3.15	2.91	2.44	3.33	2.96	2.97	2.76	2.96	2.79	2.99	2.84	2.98	3.22	171	53137	
"Sri Lanka"	3.29	2.77	3.05	2.49	3.02	2.88	2.94	2.90	2.79	2.36	2.72	3.33	3.86	3.89	3.36	3.51		3.95	4.08	3.72	160	43039	
"Tanzania, United Republic of"	2.81	2.56	2.52	2.56	2.98	2.83	2.32	2.65	2.59	2.58	3.94	2.74	3.39	2.88	2.94	3.04	2.78	3.00	3.18	3.69	146	39543	
"Senegal"	2.63	2.41	3.19	3.11		3.26	2.37	3.08	3.26	3.09	3.64	2.87	2.93	3.10	3.02	2.93	3.61	3.29	3.29	3.17	144	45391	
"Yemen"	2.80	2.94	2.83	2.86	2.70	3.04	2.87	2.88	2.83	2.86		2.90	2.72	2.70	2.99	2.98	2.91	2.75	3.09	2.98	137	46023	
"Colombia"	4.07	3.87	3.67	3.71	3.74	3.70	3.56	3.35	3.52	3.98	4.08	4.10	4.24	4.22	3.66	4.34	4.43	4.57	4.52	3.76	130	34560	
"Bulgaria"	3.20	3.55	3.70	3.53	2.70	3.35	3.57	3.31	2.83	4.21	3.68	3.71	3.73	3.91	2.96	3.28	3.66	4.16	4.05	3.74	122	32648	
"Latvia"	2.85	3.12	3.26	2.83	3.06	3.53	3.11	3.29	3.74	3.22	3.60	3.46	3.60	3.28	3.17	3.05	3.67	4.25	3.84	3.30	121	36670	
"Congo"	2.58		1.71	2.5			4.42		3.75				2.96	3.08	2.65		3.52	4.35	10	2.95	120	40632	
"Albania"	2.56	2.78	3.38	2.88	2.93	2.47	3.00	3.13	2.55	2.88	3.42	2.72	3.16	2.75	3.13	3.44	3.65	2.69	3.03	2.84	118	41557	
"Azerbaijan"	3.42	3.25	3.26		2.74		3.27			2.93		3.10	3.29			3.11	3.26	4.08	3.54	3.91	107	27335	
"Zambia"				2.49							3.12			3.35	3.08	3.69	3.66		3.42	3.78	101	26726	
"Cameroon"	3.22	2.91	3.25	2.72	2.42	2.83	2.71	2.85	2.62	25	3.78		3.08	3.30	2.77	2.97	2.75	3.16	3.51	3.93	89	22636	
"Mozambique"	2.57	2.65	2.34	3.05	3.11		2.41	2.70	2.33	2.51	2.59	2.60	2.84	2.79	3.21	3.08	2.71	2.77	2.95	3.16	86	27183	
"Korea, Republic of"	3.34	2.92	3.51	3.40	3.24	3.38	3.49	3.40	2.84	1.94	3.80	2.89	2.92	3.10	3.12	3.00	3.54	3.27	3.10	3.28	85	25894	
"Serbia"	2.64	3.74	3.44	3.32	2.96	3.04		3.01	2.49	3.43		3.38	3.63	3.48	2.89	3.21	3.45	3.33	4.28	3.24	85	26212	
"Lithuania"	2.5	2.74	2.65	3.06	3.01		3.12	2.63			3.01	2.70	2.87	2.63			2.66	2.78	2.84	2.85	83	29084	
"Thailand"	3.20	3.58	3.52	3.76	3.46	3.47	3.20	3.37	3.42	3.52	3.77	3.80	3.78	4.29	3.86	4.17	4.68	2.63		6.27	78	12448	
"Cyprus"	2.80	2.94	3.83	2.70	2.78	2.77	3.03	3.65	2.80	2.67	3.05	3.96	2.67	3.59	2.77	2.86			4.29	2.92	76	26040	
"Austria"	2.79	3.41	2.97	3.24	2.77	3.04	3.68	3.09	2.96	3.34	3.03	3.90	3.96	4.67	3.46	4.03	3.65	4.08	3.50	3.77	73	19366	
"Hungary"	4.19	4.29	6.88	4.13	2.88	5.09	3.96	3.46	4.27	4.83	4.79	4.25	4.12	3.14	3.92	3.30	3.69	3.85	3.98	3.42	69	20148	
"Kenya"	2.70	2.72	2.69	3.11	3.11	3.11	3.04	2.77	2.89	2.90	3.14	2.82	3.00	3.18	3.01	3.64	3.15	3.00	3.60	3.65	68	18624	
"Haiti"	2.90	2.61			2.62	2.66	2.95	2.72	3.50		3.40		1.29	2.95	3.11	2.81	2.61	2.97	2.64	2.90	67	23136	
"Fiji"	2.59	2.96	2.77	3.13		3.01	2.96	2.71		3.02	2.85		2.64		2.70		2.51	2.99	3.38	3.23	63	19482	
"Malta"			4.59	3.38					2.03	3.34		2.03	2.44		2.18			3.01		3.42	62	18104	
"Denmark"	3.67	2.88	2.82	3.03	3.39	3.75	3.43	4.69		3.26	3.12	3.14	3.96	4.07	3.90	3.21	3.46	4.55	3.54	3.34	59	17673	
"Uruguay"	2.47	2.38	2.52	2.84	2.59	3.07	2.26	2.31	2.54	2.69		7.08	2.98	2.70	2.46	2.47	2.83	2.93	2.78	2.52	56	22202	
"Congo, Democratic Republic of the"			2.76	2.81	20		2.20		2.60	2.66	3.65	2.97	2.72	3.85	2.58		3.08	3.92	3.18	2.87	55	19150	
"Estonia"	2.40	2.51	3.09	2.52	2.84	2.76	2.78	2.60	2.46	3.11	2.52	3.10	2.87	2.91		3.66	3.12	3.79	4.20	3.27	52	15881	
"Lebanon"		3.09	2.90	2.54	2.75	3.60	5.54	3.12	3.25	3.88		4.33		4.20	3.99	3.63	4.50	4.47	3.68	4.49	48	10690	
"Oman"	3.15			3.43	3.02	3.66		3.26	3.10	3.76	3.52	2.71	2.47		3.47	3.10	3.98	3.09	3.23	3.99	47	11780	
"Djibouti"	2.57	2.94	2.90			2.66	3.08	2.66	2.80	2.75		2.66	2.99	3.57	3.04	3.31	3.85	3.04		2.72	46	16896	
"Dominican Republic"	2.85	2.41	2.79	3.51	3.51	2.42	2.69		3.04	2.56		3.92	3.39	2.79	3.13	2.92	3.04			3.70	35	9453	
"Moldova, Republic of"	2.67				2.91			2.53		2.79					3.01	2.87		2.88	2.95	2.91	35	12040	
"Benin"	2.5		8.33	2.56	3.77	2.93	2.79	2.50	2.59	3.38	3.35	3.35			2.86	2.80	3.83			4.95	34	6866	
"Slovenia"	5.41	2.74	4.88	3.29		2.51	3.06	4.92	5.84		3.83	3.06	4.21	4.03	2.68	5.87	3.42			5.17	24	4644	
"Papua New Guinea"	2.19		2.66		2.96	2.80	2.86	2.40	2.49	3.20	6.67	3.55		2.66		2.62	2.60	2.22	2.18	3.32	20	6024	
"Taipei, Chinese"				3.69		3.63	9.80	3.63		2.80	5.88	3.63		3.60	3.61	3.86	3.72		5.62	3.74	20	5347	
"Madagascar"		2.30	2.36	2.95	3.05	2.52	2.67		2.42	1.92		3.05	3.09	2.03	2.34	2.33				3.43	20	5832	
"Guyana"	2.32	2.34	2.41	2.50	2.65	2.59	2.63	2.22	2.74		2.57	2.71	2.65	3.70		2.83			2.97	2.82	20	7104	
"Bolivia, Plurinational State of"				2.38						3.20	3.03	3.62		3.39		3.12	3.41	3.40		3.62	20	5520	
"Suriname"	2.41	2.70	2.45	2.57			2.68	2.86	2.55	2.11	3.86						4.07	3.39	3.62	3.86	20	5184	
"Honduras"		2.77		2.40	2.95	2.60	1.86	2.48		5.08		3.52		3.00	2.64	2.78	4.17			4.59	19	4140	
"Gabon"	3.30	3.68		2.67	2.90	3.12	3.02	2.46		2.91	2.64	3.85	2.78	3.75	2.64	2.73	2.81	3.77	3.47	4.27	19	4452	
"Mauritania"			8.33			2.64			3.40			2.26			3.20	3.37	3.98			2.84	19	6696	
"Croatia"	3.68	3.08	2.66		2.79	3.06		3.23	3.03	3.24	2.60	2.87	2.74	2.56	3.13	2.60	3.43		2.81	3.43	18	5254	
"Comoros"	2.87							2.78												2.68	17	6342	
"Botswana"				2.57						9.01								2.65		2.85	17	5964	
"Libya, State of"	2.53		2.45	2.68	4.41	3.02			3.01	2.85	2.57	3.23								3.11	16	5145	
"Tajikistan"	3.61	3.17	2.76			2.59	2.99	2.85	2.87	2.84	2.82	3.40	3.29	3.44	2.69	2.98	2.86	2.47	3.17	3.27	16	4891	
"Trinidad and Tobago"				3.78	2.55						2.59						3.37			3.79	15	3960	
"Namibia"		2.88	2.62	2.75	3.06	2.94	2.94	2.43	2.36	2.62		10	2.59	3.00	2.68	2.95	2.47			2.54	15	5904	
"Bahrain"			3.34	3.63	3.78	2.80		4.71	3.27	3.09	3.41					3.47		3.18	3.51	3.64	15	4116	
"Burkina Faso"				3.04								2.8								3.29	11	3348	
"Equatorial Guinea"	4.45				2.44					6.25	4.61		4.73	3.01	6.24	6.67	2.56	2.05	3.09	2.98	10	3356	
"Afghanistan"					3.59				3.14		3.46	3.15	2.89	3.00	2.93	2.97				10	5	495	
"Togo"	3.67		2.85			2.92			3.28		3.36				2.86	3.21	3.34		8.06	5.06	4	790	
"Guinea"	3.46		3.04		2.48				3.21			2.61					3.28		3.97	10	3	290	
"Brazil"	4.54	4.62	3.17		4.07	3.97			4.18	8.20	4.15	4.51	5.09	5.02	5.19	4.78	4.44	3.18		2.31	1	432	
"Solomon Islands"													2.95				3.14				0		
"Brunei Darussalam"	2.83																				0		
"Armenia"	2.04	3.16		2.95		2.97	3.17		3.07	2.81	3.22	3.27				4.29	4.06	4.07	4.09		0		
"Barbados"					3.02										3.10						0		
"Bahamas"	2.44					4.44			2.41												0		
"Argentina"	4.35					3.38	3.19	4.07	3.44	3.72	3.32	8.32									0		
"Mayotte"	2.40	2.64	2.63	2.68			2.53	2.71	2.56	2.54	2.18			2.56	2.71		2.70	2.69			0		
"Costa Rica"					2.97	3.59				2.69				2.53		3.28			3.03		0		
"Chad"	1.90		7.06		10			13		13											0		
"China"																					0	0	
"Bosnia and Herzegovina"			3.12	3.18	2.47	3.09					3.24	3.53			3.21	3.25	3.73		3.13		0		
"Burundi"																		3.64			0		
"Cambodia"																	4.55		5.39		0		
"Cabo Verde"	2.33		2.90	3.05				2.70				2.74	2.65	2.52	2.94	2.33	2.72	2.80	2.85		0		
"Central African Republic"							10	2.46		19					8.77						0		
"Iraq"	2.52	2.49	2.60	2.59	2.53	2.51	2.51	2.57	1.68	2.61		2.56	2.45	2.42	2.57	2.83	2.97	2.76	2.98		0		
"Gambia"														3.12	3.97			3.50			0		
"Kiribati"								4.81		2.89											0		
"Grenada"			2.10	2.95		2.10		2.59	2.48						2.76						0		
"Guatemala"	4.07	4.29		3.49	3.21		3.16	2.99			3.99	3.98	4.97								0		
"French Polynesia"	3.09	5.48	3.09	2.23	3.21	3.08	2.34			3.72						3.13		2.75			0		
"Cuba"						2.31		3.64	4.30												0		
"Dominica"						2.63															0		
"Nepal"					4.76				5.83			5.46									0		
"Oceania Nes"	4.61															4.29					0		
"Montenegro"		2.66																			0		
"Malawi"	9.90								3.03												0		
"Maldives"							3.04							7.79	5.48		3.01				0		
"Mali"				5.65	2.48	2.40						3.09									0		
"Liberia"	3.37			2.91	2.78			2.99						5.38		3.17	4.64	3.12	4.22		0		
"Lao People's Democratic Republic"			5.43																		0		
"Jamaica"	3.03		3.08	2.41	3.66			2.87	2.39	2.68				2.75	2.87		3.20	3.17	2.95		0		
"Nicaragua"																2.77					0		
"Niger"	6.82														3.91		6.90				0		
"Micronesia, Federated States of"					20																0		
"Marshall Islands"				3.10																	0		
"Netherlands Antilles"															3.04						0		
"Aruba"				3.34																	0		
"New Caledonia"		2.84	2.98	2.56	2.42		2.89		3.20	2.75			2.65	2.69	2.22	2.89		2.73			0		
"Somalia"			2.94		2.80	2.83			2.70			2.83				3.04					0		
"Seychelles"	2.60				2.22			23	8.33						2.32	2.73			3.09		0		
"Sierra Leone"		2.46		2.96			3.05	3.43				2.60									0		
"Rwanda"													19					2.73	2.82		0		
"Sao Tome and Principe"			3.00	3.70	2.64				1.57	3.08			3.29								0		
"Guinea-Bissau"		10		7.08																	0		
"Qatar"		3.64	2.51	3.03	2.62	3.29	3.83	3.97				5.02		2.90	3.42	3.22		3.85	2.74		0		
"Tonga"																	3.84				0		
"Turkmenistan"	2.48	2.65	2.56	2.95	2.74	2.91			16	2.66	2.84	2.88		2.66	3.00		2.66	3.10	2.98		0		
"Turks and Caicos Islands"			3.64			3.64							4.44								0		
"Uganda"	2.98			2.71				4.10			2.58		3.08		3.53	3.39	16	4	4.04		0		
"Switzerland"	2.66	2.75	3.53	3.45	3.04	3.53		3.53	3.44	3.73	3.76		4.84	4.84	5.76	7.33	3.61	6.87			0		
"Syrian Arab Republic"	2.65	3.61	3.75		3.66		5.05	3.66		3.11		4.34	3.51		3.24	4.96	6.06				0		
"Sudan (before 2012)"	2.21	2.91	5.24	3.27	24				21	2.85	3.01		4.07		2.77	4.35	3.68		6.25		0		
"Zimbabwe"								4.14	10						4.23	3.80			2.88		0		
"Macedonia, The Former Yugoslav Republic of"	2.66	4.49		3.65		2.66			2.33			3.15		3.40	2.94		3.05				0		
"Samoa"			4.59		2.87								3.25				3.89				0		
