Importers	2008-M09-Exported unit value, US Dollar/Units	2008-M10-Exported unit value, US Dollar/Units	2008-M11-Exported unit value, US Dollar/Units	2008-M12-Exported unit value, US Dollar/Units	2009-M01-Exported unit value, US Dollar/Units	2009-M02-Exported unit value, US Dollar/Units	2009-M03-Exported unit value, US Dollar/Units	2009-M04-Exported unit value, US Dollar/Units	2009-M05-Exported unit value, US Dollar/Units	2009-M06-Exported unit value, US Dollar/Units	2009-M07-Exported unit value, US Dollar/Units	2009-M08-Exported unit value, US Dollar/Units	2009-M09-Exported unit value, US Dollar/Units	2009-M10-Exported unit value, US Dollar/Units	2009-M11-Exported unit value, US Dollar/Units	2009-M12-Exported unit value, US Dollar/Units	2010-M01-Exported unit value, US Dollar/Kilograms	2010-M02-Exported unit value, US Dollar/Kilograms	2010-M03-Exported unit value, US Dollar/Kilograms	2010-M04-Exported unit value, US Dollar/Kilograms	Exported value in 2010-M04, US Dollar thousand	Exported quantity in 2010-M04, Kilograms	
"World"	211	206	205	215	196	227	216	208	224	272	257	266	235	228	249	263	3.69	3.90	4.05	3.76	27314	7264821	
"United States of America"	100	176	189	202	243	247	232	239	310	270	236	228	160	200	255	236	4.46	4.76	4.74	4.81	4993	1037044	
"United Kingdom"	256	221	199	172	237	219	270	213	205	213	214	317	234	223	224	220	4.40	4.72	4.89	4.41	1952	442461	
"Philippines"	421	1452	669	436	283	535	447	278	366	678	305	363	411	589	293	467	4.45	4.50	4.36	4.50	1382	307324	
"Indonesia"	280	172	192	395	244	202	195	253	271	215	193	178	210	189	198	160	3.31	3.35	3.56	3.40	1371	402732	
"Australia"	405	265	413	178	351	299	694	411	162	381	338	330	343	312	247	297	4.29	4.30	4.05	4.61	1238	268833	
"France"	224	197	174	150	175	212	176	209	235	252	258	201	233	284	254	206	3.30	3.47	3.52	3.56	1166	327491	
"Italy"	190	203	178	170	102	156	112	196	188	207	276	283	243	262	253	221	3.14	5.23	3.86	3.56	1164	326984	
"Germany"	195	73	165	177	140	142	136	180	75	182	218	236	213	72	117	229	4.61	4.16	4.41	4.42	873	197732	
"Hong Kong, China"	429	584	217	461	81	757	392	639	345	479	383	637	370	572	556	320	4.05	5.05	5.02	4.98	728	146115	
"Viet Nam"	275	221	293	653	276	167	191	221	349	305	211	226	181	238	569	263	3.08	7.28	3.31	2.49	660	265558	
"Spain"	140	155	67	134	180	158	157	95	141	166	211	120	235	182	72	265	3.19	3.45	3.09	3.07	614	199911	
"United Arab Emirates"	291	440	478	310	444	251	670	408	278	543	296	243	499	282	425	368	3.45	3.42	3.86	3.69	573	155440	
"Argentina"	100	75	333		519	192	150	258	190	260	259	264	256	448		100		4.05	4.05	2.53	557	220376	
"Singapore"	265	262	308	273	605	469	214	309	628	236	526	350	368	314	619	254	5.77	5.55	4.73	4.80	527	109840	
"Algeria"	316				211	295	260	226	153	232	267		677	333	426		3.77	3.65		3.10	467	150824	
"Ukraine"	417	152	150	129		251	164	228	233			223	800	500		250	2.52	6.21	3.95	2.97	454	152950	
"Japan"	319	303	298	266	246	396	234	83	243	261	213	249	329	358	237	358	6.58	7.29	5.78	5.30	396	74661	
"Denmark"	231	253	278	267	100	31	184	172	202	206	205	220	209	166	207	108	3.70	2.89	3.01	3.41	381	111677	
"Iraq"	148	232	152	245	155	191	200	163	172	204	199	230	169	185	207	163	3.45	2.84	2.87	2.89	365	126382	
"Netherlands"	180	295	244	265	340	176	247	194	184	235	172	227	303	147	146	320	4.17	3.81	4.07	3.57	352	98662	
"South Africa"	465	387	423	693	144	281	440	621	318	359	375	534	544	232	234	389	5.21	5.20	3.42	3.55	351	98745	
"Saudi Arabia"	239	242	187	405	407	2436	257	537	302	275	302	436	327	287	287	1042	3.79	3.53	3.82	3.24	341	105231	
"Malaysia"	224	172	303	348	247	223	233	208	220	201	315	272	195	514	247	562	3.43	4.29	4.25	5.79	322	55582	
"Sudan (before 2012)"			1273		167	711	302	263	300		198			125	227	158	2.51	4.15		2.23	317	142450	
"Chile"	431	260	217	349	278	376	563	310	296	405	311	302	166	258	242	372	3.19	3.10	3.25	3.60	270	74948	
"Canada"	173	242	171	246	295	181	286	174	255	313	368	273	190	237	244	250	3.81	3.37	3.50	3.81	268	70280	
"Kuwait"	615	1191	600	969	674	167	171	307	385	205	690	294		176	1500	1429	3.28	4.87	5.91	2.98	248	83198	
"Tanzania, United Republic of"		1000		375		165	192	197		405	318		148	318	3000	190	4.58		2.39	3.41	242	71016	
"Kazakhstan"	205	574	150	1802	231	413	183	193	139	277	215	513	233	284	1070	421	4.99	3.46	3.98	3.70	227	61296	
"Thailand"	477	273	289	171	288	232	152	223	233	246	242	211	241	231	315	318	3.04	2.91	2.82	2.79	215	77022	
"Korea, Republic of"	268	155	177	149	198	257	247	227	95	378	275	235	256	166	160	170	3.97	2.53	2.54	3.00	207	68965	
"India"	789	212	348	467	181	217	240	438	410	960	828	483	347	306	855	547	5.14	4.44	3.62	3.82	197	51582	
"Brazil"	112	164	72	199		118	54	167		96	45	215	214	172	160	277	2.47	4.05	3.47	3.08	180	58376	
"Russian Federation"	225	314	140	154	157	281	263	196	158	1596	266	193	352	206	203	253		4.56	3.60	3.11	177	56912	
"Kyrgyzstan"		405	267		184	211	207	201	211	199	209	204	226	400	450		3.26	2.93	2.74	3.33	159	47764	
"Yemen"	341		185	234	204		211	203	222	348	444	313	211	174	479	274	2.66	1.92	3.58	2.81	158	56261	
"Austria"			140	139		170	174	58	92	90		130		167		200		5.44	5.03	3.31	155	46800	
"Norway"	166	65	128	165	142	255	598	282	233	183	249	253	91	218	101	251	4.30	3.58	3.26	4.32	131	30309	
"Hungary"	533	268		197	55	67	58	75	481	153	264	171	213	144	174	271	3.07		4.93	3.19	129	40485	
"Lebanon"	838	254		524	174	571	301		245	1439	536	211	282	547	314	210	3.23	4.38	3.22	5.97	126	21090	
"Israel"	689	657	4000	172	221	75	320	236	76	123	120	158	476	429	144	338	3.73	3.97	4.20	4.23	125	29532	
"Nigeria"	225	186	127	212	137	234	136	170	157	431	373	243	265	196	117	316	2.77	3.10	3.06	3.92	119	30346	
"Afghanistan"									267	267	1200	400					3.50		3.28	3.31	118	35597	
"Belgium"	272	385	181	226	89	328	355		301	892	444	317	406	349	183	233	3.38	4.75	3.15	2.99	112	37470	
"Libya, State of"		183	347		259		167		833	628	192	158	148	348			3.44	3.26	3.57	2.53	107	42273	
"Taipei, Chinese"	1033	2365	614	242	717	905	176	183	1109	260	304	1169	426	337	354	436	4.27	6.59	3.33	3.09	99	32003	
"Korea, Democratic People's Republic of"	633	210	200	500		222		417	250	178	1065					229	7.82	2.69		3.88	89	22946	
"Sri Lanka"	331	241	294	356	423	2667	3417	417	280	357	450	352	422	256	386	434	4.90	3.46	3.24	3.45	88	25475	
"Mongolia"	243	324	275	191	176	617	147	194	230	265	188	250	257	1199	280	205	4.35	4.41	4.36	3.18	84	26374	
"Georgia"		197					167	385	197	73			167	130	172		5.56			2.44	83	34080	
"New Zealand"	407	506	533	210	229	593	327	433	636	560	539	517	244	392	607	403	3.70	3.76	4.34	4.52	81	17938	
"Iran, Islamic Republic of"	266	333		644	196	188	223	197	216	250	156	111	337	148	235	400	2.59	3.31	2.87	2.65	78	29451	
"Uruguay"	255	289	1000			210	257			299	641	335	302	301	251	368	2.71	4.09	3.19	3.93	58	14763	
"Sweden"	878	2000		833	309	90	106	363	89	667	380	303	104	354	127	259	4.06	6.25	4.58	3.93	55	13979	
"Tajikistan"							209	198	200	175		197		127			3.08	2.04	3.58	2.69	55	20470	
"Albania"			488	124	438		177	183			217		183		234					2.50	53	21237	
"Greece"	266	492	172	213	225	313	191	252	198	162	387	213	824	184	330	260	3.67	3.47	3.00	3.52	52	14757	
"Bangladesh"	202		192	259	356		571	172	327	413	153	225	180	196		205	4.38	3.37		3.09	50	16196	
"Bulgaria"	407	788	833	156	218	228	119	232	778	563	456	524		412		349	3.81	3.20		3.17	50	15765	
"Turkey"	239	173	1000		136		169	146	195	226	230	4500		219	161		2.66	6.07	3.25	2.95	49	16632	
"Turkmenistan"		1301					187	216	170	220						217		2.28		2.13	48	22494	
"Montenegro"		83	235				191		224	500	190									2.81	43	15300	
"Cuba"			1909	1767					63	686	316								21	9.36	42	4488	
"Guatemala"		792		541	1047	2000	444		204	111	200	423	223	348	667	415				2.69	40	14870	
"Pakistan"	1368	741	1462	1143	129	581	733	1111	1000	1388	314	1438	238	1267	2200	1371	3.63	3.51	11	4.60	39	8473	
"Poland"		225	243	250	102	153	239	155	139	220	891	156			218	650	4.48		3.64	3.90	37	9484	
"Peru"	2433	400	2000	207	333	2256	1767	67	2250		964	2583	299	346	2167	280	5.42	2.96	5.46	5.28	37	7006	
"Switzerland"	481	178	168		263	195	196	230			117	107	251	167			3.77	3.38	4.90	4.07	37	9092	
"Portugal"	409	682	656	692	583	285	185	765	744	373	447	684	364	282	405	351	3.66	4.62		3.17	35	11040	
"Nepal"	156							190	258				278					2.58		3.43	34	9925	
"Cameroon"		152	133			182		219	257	2000		149	160		173		2.84	2.42		2.17	34	15650	
"Cabo Verde"	333			173			174		164	273	160		170							2.86	33	11540	
"Benin"		67	167				173			160	156	144	500	600	300		2.40	2.5		2.45	31	12664	
"Ireland"			326	239	254	288	281			266		1000	319	532	474			3.52	3.48	3.31	31	9372	
"Panama"	251	172	260	235	213		227	302	446	167	204	194	217	279	197	568	2.24	2.78	3.05	2.85	30	10520	
"Suriname"	265	273	218	430	288		227	289					343	418	222	345			2.12	3.34	30	8995	
"Macao, China"	571	638	500	380	538	1000	677	586	240	963	570	825	673	500	750	829	7.33	5.34	4.98	4.27	29	6790	
"Qatar"	737	359	438	952	677		591	794	549	558	1639	1765	855		667	686	2.53	3.16		5.28	27	5111	
"Papua New Guinea"	375	359	282	4000		500	323	1091	658	367		417	231	714	477	391		4.09		3.99	26	6516	
"Lao People's Democratic Republic"				350									429	244		169				2.30	26	11325	
"Mozambique"			481	295	325				427	417	411	231	273	163	207	212			3.14	2.17	25	11515	
"Angola"	239	192	202	421	163	199	354	227	251	464	260	326	256	172	219	173	2.28	2.50	2.84	2.57	24	9335	
"Solomon Islands"			167						683											4.36	21	4812	
"Finland"	172		500		28			667	26		333			96	800	667		12		2.56	20	7800	
"Oman"	284	275	275		1000	2400		304										3.84	14	6.83	20	2930	
"Morocco"				688	322	846	320	316		198	260	250	419	215	368	507	5.16	4.16		4.75	19	4000	
"Mexico"	520	377	346	222	147			167		286		165	163	147	151	149	3.35	3.67	3.98	4.12	17	4126	
"Slovenia"	542	358		688	370	640	500	519	580		364		339		406	146		4.45	3.92	3.58	17	4755	
"Romania"	157	212	154	125	260	260	309	245	154	193	223		133	457		283	2.10	2.77	2.73	3.00	16	5325	
"Myanmar"	198	223	714		231	667	1483	1000		163	1000	205	253		2231	250	8.16		5	2.56	16	6262	
"Haiti"			265	271			246									229				2.64	15	5687	
"Fiji"	4000	228		280	1333		379	2800	277	667	333	565	364	204	1000			2.94	4.77	3.08	13	4227	
"Bahrain"	1520	897	692	818	857		947	308	917	900	410	750	778	710	176	423	5.62		7.63	10	13	1278	
"Kenya"	487	168		215	284	377	500	180	333		295	458	184	200	199	181	4.50	2.41	3.41	2.43	13	5357	
"Jordan"	350	750	488	698	231		219	250	219	353	456		341		1214	1000	3.81	5.25	4.37	3.60	12	3337	
"Côte d'Ivoire"	209		224		108				194	185	155		200	167	167	1500	3.23		2.60	2.00	12	6006	
"Brunei Darussalam"	218				137	159	216	208	4500	218	507		206	137	234	2222	2.75	3.38	4.40	3.66	12	3280	
"Czech Republic"	307	202	80	241	362	133	205	40	226	275	248	296	96	302	177	227	4.25	3.32	4.02	3.98	12	3014	
"New Caledonia"	4667	388		209					375	179			600	129	1000		3.37			2.82	11	3905	
"Mali"																				14	10	700	
"Namibia"	889	447	292	200		1290	209				500	405	407	183		190	3.70			2.66	10	3760	
"Estonia"	473	449	708					517							176		7.76		3.57	5.88	9	1530	
"Cambodia"			421		361				170		207	333	333	286	2000	200	2.37	9.09	2.50	3.27	9	2750	
"Micronesia, Federated States of"								400												2.67	8	2996	
"Croatia"		324		125	605	129	20	200			700	171	167		800	286			2.43	3.50	7	1998	
"Ecuador"	166	227	263	667			258			500	351	334	389		895	377	2.84			8.02	6	748	
"Mauritius"	500	2568	1000	269	167		1111				357		129		230	213	3.12	3.28	4.91	5.41	6	1110	
"Oceania Nes"		900																		3.66	4	1094	
"Ghana"	200	239	194	2882	294	667	1286	203	430		264	217	249	192	160	400	4.21	2.54	2.40	3.64	3	825	
"Chad"												1000				34500				7.14	3	420	
"Egypt"		368	248	967	304	2233	140		555	276	312	600	3231		205	621	3.53	3.20	5.08	16	2	125	
"Macedonia, The Former Yugoslav Republic of"															625	4000					0		
"Tuvalu"		375																			0		
"Uganda"							191						466		455	380	7.06	9.80			0		
"Syrian Arab Republic"	2818						450					511	625			860		3.04	4.39		0		
"Togo"	200			750									248			2500					0		
"Trinidad and Tobago"	1211		818	2429		2429			589	457			250	2000	205			2.98			0		
"Tunisia"	3500	2000					1250		571	2000	5333							9.82			0		
"Uzbekistan"		164					228	236				205	681		93		4.26	2.58	2.99		0		
"Venezuela, Bolivarian Republic of"		1850		260	305		200	600			431	1071	223		292	292	4.08		3.94		0		
"Samoa"										343					214		4.77				0		
"Zambia"					8000		507			415			2444	6333	1000		11				0		
"Area Nes"												271	444	200							0		
"Central African Republic"												6500									0		
"China"																					0		
"Colombia"	2455	2410	2266	369	405		1407	880	2000		224	400	549	1817	2300	348	15	3.22	6.77		0		
"Mayotte"			259						292			252		273		205	3.16		3.37		0		
"Congo"	205	218								333	1000		154		188		2.34				0		
"Congo, Democratic Republic of the"		207	200	167	200							169					3.96	2.81	2.91		0		
"Cook Islands"									1500												0		
"Costa Rica"		169				322							226				2.57		4.65		0		
"Armenia"	194					224															0		
"Barbados"										192											0		
"Bolivia, Plurinational State of"		1000	185		875			1000	250							261	1.79	12			0		
"Bosnia and Herzegovina"																					0		
"Botswana"																750		5.20			0		
"Antigua and Barbuda"				210																	0		
"Azerbaijan"												71	333								0		
"Grenada"	160						314		267												0		
"Gambia"							440					1625	141				4.04				0		
"Palestine, State of"									2000			667					21				0		
"Honduras"		215			314				204	297	200	419			347	197	3.49				0		
"Guinea"		109																			0		
"Guyana"							156						184						2.23		0		
"El Salvador"									2737			2842	200		4667			2.63			0		
"Equatorial Guinea"							800		195					1000			4.14				0		
"Ethiopia"			281	1229		576					812			319		836					0		
"Eritrea"																	0.97				0		
"Cyprus"	308	155	1382	923	238			213	444		210	158		242	600	340	2.84	3.51			0		
"Dominican Republic"	590	292	731		164				1092	175	340	195	390	182	440	263	2.43		2.69		0		
"French Polynesia"	1000			1000				154					500	267					4.73		0		
"Djibouti"	200	1000	250							1000			600			750					0		
"Gabon"					253			268		421	160		656			176	4.04				0		
"Moldova, Republic of"			188								179	180	178								0		
"Malta"		333		200				143	167				169				2.22		3.54		0		
"Mauritania"											1077					167					0		
"Madagascar"			21	268	204				157		269	179		3500		236		2.53	2.16		0		
"Maldives"				250			167			200	227	80		231			5.95		2.20		0		
"Jamaica"	173	481	359		867	216	292		73				256		633		7.09	2.58	3.05		0		
"Lithuania"				500							1000	1000			333						0		
"Luxembourg"																					0	0	
"Latvia"		559	897							417	1000			500		226	5.59		3.11		0		
"Liberia"												250				417					0		
"Nicaragua"				667								500									0		
"Niger"	250							778		189	160	5467									0		
"Vanuatu"	375																				0		
"Netherlands Antilles"		255						206	235				296								0		
"Aruba"		250																			0		
"Paraguay"							159				204			232	260		2.54	2.97	3.05		0		
"Somalia"																	3.02				0		
"Slovakia"	929	4000			284	897	227	219		1000	222				200						0		
"Saint Kitts and Nevis"													1333								0		
"Saint Lucia"							60												3.12		0		
"Saint Vincent and the Grenadines"									255												0		
"Sao Tome and Principe"															333						0		
"Senegal"						173	171		217	304	173	389	231	148					2.26		0		
"Seychelles"			3000										1500				4.14	6.47			0		
"Sierra Leone"	240																				0		
