Importers	2005-M07-Exported unit value, US Dollar/Units	2005-M08-Exported unit value, US Dollar/Units	2005-M09-Exported unit value, US Dollar/Units	2005-M10-Exported unit value, US Dollar/Units	2005-M11-Exported unit value, US Dollar/Units	2005-M12-Exported unit value, US Dollar/Units	2006-M01-Exported unit value, US Dollar/Units	2006-M02-Exported unit value, US Dollar/Units	2006-M03-Exported unit value, US Dollar/Units	2006-M04-Exported unit value, US Dollar/Units	2006-M05-Exported unit value, US Dollar/Units	2006-M06-Exported unit value, US Dollar/Units	2006-M07-Exported unit value, US Dollar/Units	2006-M08-Exported unit value, US Dollar/Units	2006-M09-Exported unit value, US Dollar/Units	2006-M10-Exported unit value, US Dollar/Units	2006-M11-Exported unit value, US Dollar/Units	2006-M12-Exported unit value, US Dollar/Units	2007-M01-Exported unit value, US Dollar/Units	2007-M02-Exported unit value, US Dollar/Units	Exported value in 2007-M02, US Dollar thousand	Exported quantity in 2007-M02, Units	
"World"	153	163	162	161	153	151	148	152	149	158	164	184	189	206	185	205	201	203	184	189	62917	333154	
"Cuba"	157	157	157		167	167	146	150	161	144	155	189	189		166	157				192	12549	65330	
"Japan"	111	102	101	97	99	101	110	103	113	180	264	369	346	329	318	317	324	314	267	250	9222	36902	
"United Kingdom"	152	167	159	144	134	147	143	149	183	180	190	167	159	222	168	297	174	272	175	248	7378	29704	
"Jordan"	152	97	154		167	200	138	140	135	166	129	162	163	99	182	182	135	146	147	148	4423	29916	
"United States of America"	110	107	106	116	118	113	107	106	91	99	107	104	118	113	109	104	116	113	102	102	3665	35999	
"Russian Federation"	166	174	178	172	176	175	242	237	142	160	157	166	148	151	149	159	171	211	208	190	2592	13673	
"Ukraine"	208	203	213	216	220	218	202	221	203	224	210	208	205	196	208	214	205	216	201	198	2342	11804	
"France"	303	287	291	259	208	212	194	305	311	320	219	406	361	402	352	366	337	382	366	393	2109	5371	
"Australia"	178	296	207	195	191	161	177	234	196	190	188	180	214	218	179	176	161	144	151	177	1823	10280	
"Germany"	201	270	245	261	238	182	205	170	207	244	216	334	308	321	276	306	209	201	282	348	1526	4381	
"Spain"	209	314	264	274	241	232	226	360	341	434	434	401	362	364	350	418	403	346	423	433	1515	3497	
"Nigeria"	121	137	126	121	120	122	111	92	184	159	116	112	147	171	167	161	186	126	108	124	974	7862	
"United Arab Emirates"	121	112	140	124	120	127	140	120	139	119	131	116	121	119	138	118	134	122	120	121	856	7060	
"Netherlands"	117	238	407	241	254	165	329	306	199	214	343	387	467	424	332	463	357	281	427	238	702	2949	
"Yemen"	132	123	138	145	125	129	118	120	194	157	143	121	170	146	130	142	154	152	132	113	639	5679	
"Latvia"	171	156	197	157	170	197	185	211	218	229	171	165	168	201	175	187	167	172	215	205	587	2862	
"Bangladesh"	132	119	134	127	132	129	128	120	122	133	118	139	124	124	126	128	128	132	133	132	575	4342	
"Italy"	149	134	136	191	137	154	154	247	307	223	196	246	236	519	607	584	399	495	380	340	550	1617	
"South Africa"	168	153	143	162	144	193	142	131	155	210	194	185	162	160	176	182	162	168	301	245	494	2018	
"Finland"	251	238	212	208	244	198	239	235		371	231	236	239	234	242	238	234	284	248	228	442	1937	
"Panama"	149	195	177	289	160	213	169	422	278	239	335	322	162	176	192	225	140	151	192	177	425	2402	
"Canada"	136	98	149	126	141	147	115	153	140	114	188	158	142	122	142	141	126	151	197	191	386	2019	
"Portugal"	236	278	172	284	176	162	227	184	401	389	182	346	515	313	419	398	175	264	605	161	380	2357	
"Iran, Islamic Republic of"	534	231	233	237	239	217	151		146	127	156	179	191	245	242	180	194	223	174	117	374	3192	
"Iraq"					130	118	108	92	113	112	112	99	126		115	89	86	117	131	120	347	2897	
"Singapore"	123	131	346	393	122	217	147	410	296	109	121	274	127	148	149	221	138	156	153	131	319	2431	
"Poland"	243	238	244	263	223	239	282	239	227	289	240	352	225	316	281	296	263	348	328	250	312	1248	
"Greece"	172	87		155	139	239	85	538	101	139	129	275	247	310	197	267	274	442	250	193	300	1555	
"Hungary"	210	144	186	280	198	196	260	308	285	286	221	259	219	323	250	268	263	289	285	288	230	800	
"Malaysia"	125	115	186	193	130	142	121	152	103	374	188	102	123	405	130	162	184	119	166	137	213	1552	
"Kuwait"	150	161		167	140	166	158	153	163	155	142	159	197	148	157	142	168	126	155	167	208	1246	
"Viet Nam"	120	128	120	142	222	184	164	116	97	126	144	130	140	284	135	667	114	212	125	114	208	1832	
"Djibouti"		116	131				126	134		138	141	142	129	143		139	143	142	142	141	195	1380	
"Hong Kong, China"	169	184	159	151	147	195	176	240	160	208	195	188	191	182	198	180	182	181	197	173	172	996	
"Saudi Arabia"	132	164	119	108	165	125	126	146	129	160	172	145	233	139	142	225	210	121	205	107	172	1611	
"New Zealand"	256	114	429	400	181	263	186	296	265	278	274	169	200	256	223	248	204	190	262	261	170	652	
"Angola"	136		107	93	146	156		124	148	177	125	107	180	154	120	109	167	122	117	118	153	1295	
"Pakistan"			444		136		1000				89			71			161	131	692	140	151	1077	
"Venezuela, Bolivarian Republic of"	250			428	129				92		134	147	268	112	176	105	163	151	174	305	147	482	
"Philippines"	151	171	115	421	172	128	142	289	271	117	210	423	390	233	148	418	151	158	125	183	141	771	
"Czech Republic"	235	288		145					425	569	622	464	340	349	645	807	797	695	692	619	138	223	
"Ghana"	109	142	99	129	125	111	135	123	222	172		150	135	114	134	146	132	119	116	114	137	1197	
"Sweden"	79	79	169	169	83	117	123	83	328	135	245	349	220	320	331	316	455	452	549	352	129	366	
"India"	390	396	397	202	402	384	239	359	464	148	297	390	127	368	407	144	230		122	338	125	370	
"Kenya"	154	147	151	161	92	105	123	92	121	141	109	91	134	120	92	105	123	118	122	127	119	936	
"Bosnia and Herzegovina"	83	227																		172	119	692	
"Georgia"	233	219	177		173			226	219	151	182	137	146	197			185	233	169	189	115	607	
"Bahrain"			136	211	121					171	91	162	169	132		145	105	207	238	158	112	707	
"Peru"		444	378		121	133	142	84	144		141	270			286	156		142		167	109	652	
"Indonesia"	149	105	101	953	114	129	361	134	223	158	434	449	187	172	129	165	454	341	226	225	108	479	
"Benin"	144	164	123	99				86	97	97	91	110	74	111	101	91	93	89	101	116	86	740	
"Bulgaria"	121	158	209	237	168	79	219	117	155	127	123	151	114	155	154	214		220	202	106	84	793	
"Korea, Republic of"	143	151	208	217	187	159	183	122	114	95	154	104	114	170	99	152	146	201	158	121	83	684	
"Croatia"				333	226	209	126	324	750	365	407	207	538	318	217	583	371	274	750	490	76	155	
"Serbia"																			325	592	74	125	
"Norway"	107	124							146	99	94	135	109	90	103	100	124	97	97	87	73	840	
"Uzbekistan"		156		120	148	200		169	149	221	142	241	161	137		563	112	221		171	72	421	
"Qatar"	173	171		93	138	171		241		68	149	286	166	214	223	118	157	86	157	455	71	156	
"Myanmar"	116	115	169		102	104	105	101	101	92	157			93	179	109	114	95	110	129	70	543	
"Israel"	156	110	241	254	134	136		175	201	45	169	137	140		174	182	167	173	175	173	67	387	
"Denmark"	97				104	162	90		86	112	94	97	92	272	115	131	89	145	92	84	62	736	
"Macao, China"												1500								207	57	276	
"Africa not elsewhere specified"					141														163	136	56	412	
"Suriname"	117	182	169	129	136	116	125	133	88	176	182	94	124	128	110	111	173		101	102	55	540	
"Mongolia"	137	105	114	109		160	100	106		105	152	119	161	139	129	126	132	168	129	159	53	334	
"Uruguay"						203					139	133		167	182	145	145			135	48	356	
"Taipei, Chinese"	162			10000	149					96	137	92			102			112		135	46	341	
"Mauritius"	182	124	198	164	131	150	137	117	182	150	444		444	138	138	155	133	150	182	120	44	367	
"Haiti"				122		125	117		112			147				115	127	118	156	174	44	253	
"Ethiopia"			136		196			126	114	136				120	197			124	99	135	35	260	
"Sri Lanka"		129		138	136	124	148	108	154		99	200	1000	114	166	571	141	180	169	292	33	113	
"Madagascar"	122			87								104					146			135	30	223	
"Aruba"											1000		185			184	182		129	156	30	192	
"Cameroon"	128	99		137		137	145			99			99		99		124	125	143	181	28	155	
"Cyprus"	148	139	76	138	143	150	154	140		187	177	466	101	263	248	151	261	102	211	307	27	88	
"Austria"	176			167		365		513				694	611	700	691	654	611	556	686	519	27	52	
"Congo"		104	96	333	141			102	150	109	93	102	118	114	118	123	105	128		113	25	222	
"Slovenia"			121		179	333	247		79	383	528	76	123	173	106	208		83	76	129	21	163	
"Belgium"	461	416	160	679	252	122	146	76	138	94	95	109	142	661	210	123	84	150	85	122	20	164	
"Egypt"								169	169	308			238		86	281		128	97	202	20	99	
"Romania"		487		487	487	196			538	319	291		466	309	477	200	595	560	722	44	19	435	
"Senegal"	165				177	100								30000		111				102	18	176	
"Korea, Democratic People's Republic of"	667	167	168	130	123	125	146	200	121	234	187	195	289	155	181	182	155	151	157	188	18	96	
"Honduras"										169		147	169	146		152	169	359		436	17	39	
"Guatemala"									410	162		142	218	150		410	233		231	436	17	39	
"Chile"		114		112	112		116	78			242		243	83	341	328	161	107	102	83	16	193	
"Lebanon"	169	83		167		92	72	78	173	190	161	83	170			130		135		185	15	81	
"Trinidad and Tobago"	154	162	156	164		156			105						148					114	15	132	
"Macedonia, The Former Yugoslav Republic of"				163				219	219	219	115	233	233		233	88	88	213	234	778	14	18	
"Namibia"					157	150	161	182		115			153	132	153	153			139	152	14	92	
"Cabo Verde"				128			109		109		240	153	349				116	114		181	13	72	
"French Polynesia"		186		341					281	846	215			349	224		341		226	169	13	77	
"Dominican Republic"			141	204			169	188			145	114	126	148		156	214	291	432	152	12	79	
"Gabon"		83	81			167	167		108	80	200	78	80	100	152		91		112	126	12	95	
"Côte d'Ivoire"	117	148				159		686	184	102		153	126	91	187	368	158		130	104	10	96	
"Syrian Arab Republic"															1000			124		83	2	24	
"Grenada"					160		150			176					189	160	189		200	200	1	5	
"Central African Republic"																				1000	1	1	
"Costa Rica"		136	140		138	152					141						138			250	1	4	
"Dominica"	204											139	410		161	248					0		
"Congo, Democratic Republic of the"	143							126					82	118					96		0		
"Cook Islands"				238																	0		
"China"																					0		
"Colombia"					145							281		372	359	211		279	341		0		
"Comoros"				600																	0		
"Mayotte"	123	148	133	145	98		67	108	75	157		111			93		128	87	84		0		
"Armenia"		196		173	127		208				233			188		233	233				0		
"Barbados"	157	156		159	159														111		0		
"Cambodia"												200									0		
"Brazil"	155	155	157	171	171	171	170	171	165	166	161	164		169	175	175	169	175			0		
"Brunei Darussalam"			94	83		101	126	93	73		73	111	102	134		90	78	103	180		0		
"Azerbaijan"					138																0		
"Argentina"						140					151			151				151			0		
"Afghanistan"													156								0		
"Albania"				190																	0		
"Algeria"	124		227		134				169		129	181			531	126	211		101		0		
"Guinea"		100	113		100		96								171				93		0		
"Guyana"	159	159				127		80	75		127								110		0		
"El Salvador"																195		169	1000		0		
"Equatorial Guinea"		106	245	286		100			159			108	102	104	1000				98		0		
"Fiji"			444	145	128			104			241		1000		108	158	119	130	86		0		
"Jamaica"	156	140	159	145	146	164				127	156	208			229	157	142	153			0		
"Kazakhstan"	178	164	186	185	166	192	209	181	199	181	173	186	186	185	144	177	204	177	186		0		
"Ireland"		150	182	176	167	125	160	190	194	193	193	99		177	207				213		0		
"Tajikistan"	111					161		145		116	109	156	123	111							0		
"Thailand"	621	483	486	466	361			436	352	455	457	384	470	371	436	434	436	363			0	0	
"Togo"											190										0		
"Tunisia"	115	285		124	132			119	268	147	150	143	140					158	132		0		
"Turkey"							142	1333		142	132		132	281	82	281	137	181	107		0		
"Turkmenistan"	160	142	164	156			141			116			184	138							0		
"Uganda"				120																	0		
"Zimbabwe"		138																			0		
"Sudan (before 2012)"			500			88		129		250		105			122	123		106	224		0		
"Seychelles"						123						79	164					91			0		
"Sierra Leone"	100					124		141	200				1000	85				127	167		0		
"Slovakia"														181	305	226	200	211	338		0		
"Papua New Guinea"					131	286	117		112	156	156	165	106	154	167		155	156			0		
"Guinea-Bissau"			250																		0		
"Nepal"		128	140		113				121	126											0		
"Netherlands Antilles"	87			436	169			435				250	169		228		200		259		0		
"Moldova, Republic of"								69													0		
"Morocco"	186	146	200		204	410		140	172		243	265	250	222	224	230	127	234			0		
"Mozambique"		93	115	91						120	134		178	200		173			110		0		
"Oman"	106	144	93	116	103	195	127	203		92	151	108	110	487	140			179	163		0		
"Vanuatu"							500														0		
"Nicaragua"																359					0		
"Niger"			1000																		0		
"Marshall Islands"					500																0		
"Palau"		138																			0		
"Mexico"		151	154	145					216	244		667	103		145	220					0	0	
"Maldives"					117						133										0		
"Mali"	72		250										106	333							0		
"Malta"	140			178				83					92	140		92					0		
"Mauritania"	76																	333	59		0		
"Malawi"						100	151						111								0		
"Kyrgyzstan"	174			167					1000		127	169	170			91		163			0		
"Lao People's Democratic Republic"									333					194			500				0		
"Liberia"															132						0		
"Libya, State of"			88		513	114				105	153	122	195					107			0		
"Lithuania"	210	218	220	211	217	224	141		151								133				0		
"Switzerland"	183				500		481						639				922	500			0		
"Tanzania, United Republic of"			164	143	125	118		117	103		193	135	229	107	140	158	98	93	118		0		
"Serbia and Montenegro"	107	164	259	176	75		236	113	128	500				131	667	112	171	164			0		
"Zambia"											114	139	83	136	97						0		
