Exporters	Imported value in 2004-M11	Imported value in 2004-M12	Imported value in 2005-M01	Imported value in 2005-M02	Imported value in 2005-M03	Imported value in 2005-M04	Imported value in 2005-M05	Imported value in 2005-M06	Imported value in 2005-M07	Imported value in 2005-M08	Imported value in 2005-M09	Imported value in 2005-M10	Imported value in 2005-M11	Imported value in 2005-M12	Imported value in 2006-M01	Imported value in 2006-M02	Imported value in 2006-M03	Imported value in 2006-M04	Imported value in 2006-M05	Imported value in 2006-M06	
"World"	50839	46415	26918	30261	36703	35603	45030	57156	32569	36940	38924	29419	35742	30376	23103	24627	25784	24605	26886	29127	
"Italy"	12171	8329	6649	10639	7742	6788	8374	8964	4432	6040	8753	8105	9696	3840	7805	6699	7880	6547	7968	7668	
"China"	3900	4157	2128	1612	789	2457	3323	2927	3983	4876	5901	4762	3907	5165	2434	1360	1339	6030	4409	5193	
"Germany"	2282	2811	2555	2512	2588	2870	4054	4622	3446	2506	2696	1868	1961	2185	2934	2566	2822	4062	4357	3400	
"Hungary"	0	316	307	85	208	288	596	566	697	1277	1131	1310	1323	1189	842	901	562	1290	1395	2799	
"Spain"	7707	11596	7771	9108	9741	15627	18679	23659	3937	4406	5640	3513	2317	5248	2935	4291	5044	1862	1842	2720	
"Turkey"	2995	3085	1095	531	394	1247	621	1694	3971	2060	3156	1283	1747	2084	1215	1317	1479	182	1564	2064	
"Korea, Republic of"	19230	14112	5237	3697	13164	4547	6556	9996	9167	11913	8650	6576	11967	8931	2814	5031	4637	2449	599	1774	
"Poland"	751	545	229	928	219	569	1147	1386	782	2286	1734	898	1864	0	1083	1468	899	1153	993	1462	
"United States of America"	410	589	179	186	58	208	57	179	105	254	256	360	275	445	310	131	291	505	2563	1227	
"Slovenia"	897	151	70	155	153	135	199	195	94	162	94	116	112	57	42	139	87	235	260	261	
"Sweden"	0	86	240	143	108	201	66	54	42	139	192	128	42	118	33	67	66	12	107	146	
"Greece"	143	267	273	184	1077	74	816	1974	1130	174	14	25	183	11	178	298	143	29	180	137	
"Austria"	92	117	30	298	23	80	145	153	204	109	75	113	64	39	286	99	115	95	113	117	
"Australia"	0	53	25	0	0	0	54	0	0	90	67	0	27	28	54	0	26	91	244	45	
"New Zealand"	0	20	0	0	0	29	0	276	151	0	0	0	0	0	23	26	0	0	77	38	
"Lebanon"	79	43	16	20	0	183	117	252	283	170	213	229	152	174	0	0	0	0	0	21	
"Japan"	0	0	0	0	0	0	0	0	0	0	0	0	0	0	0	0	0	0	0	21	
"Denmark"	9	21	18	15	10	28	26	0	22	1	9	9	3	4	33	4	3	1	25	12	
"France"	64	23	55	48	252	156	104	114	33	124	99	39	25	5	3	3	6	4	2	10	
"Ireland"	25	30	2	45	28	2	8	2	28	3	61	1	7	461	9	80	6	2	45	7	
"Belgium"	0	5	11	19	13	34	4	6	23	5	0	27	48	35	11	3	40	2	6	6	
"Brazil"	0	0	0	0	0	0	0	0	0	0	54	0	0	0	0	0	0	0	0	0	
"Canada"	0	0	0	0	0	0	6	0	0	0	1	0	4	0	0	0	187	0	136	0	
"Israel"	5	0	0	0	0	0	0	0	0	0	0	0	0	0	0	0	2	0	0	0	
"Hong Kong, China"	19	0	0	0	0	0	0	0	0	0	2	0	0	327	20	0	0	0	0	0	
"Iran, Islamic Republic of"	0	0	0	0	0	0	0	0	0	0	0	0	0	10	0	0	0	0	0	0	
"Lithuania"	0	0	0	0	0	0	0	0	0	0	0	0	0	0	0	0	45	0	0	0	
"Malaysia"	0	0	0	4	0	0	0	0	0	0	0	0	0	0	0	0	88	0	0	0	
"Taipei, Chinese"	0	0	0	0	0	0	0	5	0	0	3	0	0	0	0	1	0	0	0	0	
"Netherlands"	7	3	8	34	22	20	6	19	0	20	5	0	0	3	0	5	0	0	0	0	
"Romania"	0	0	0	0	0	19	0	0	0	147	0	5	0	0	0	0	0	0	0	0	
"Saudi Arabia"	0	0	0	0	0	0	0	0	0	0	0	0	0	0	23	0	0	0	0	0	
"India"	0	0	0	0	0	0	13	0	0	0	0	0	0	0	0	0	0	0	0	0	
"Singapore"	0	0	0	0	0	0	0	0	0	0	0	0	0	0	0	66	0	0	0	0	
"Norway"	0	0	0	0	0	2	0	2	0	0	0	0	0	0	0	0	0	0	0	0	
"South Africa"	0	0	0	0	0	0	0	18	0	1	0	0	0	0	0	0	0	0	0	0	
"Switzerland"	0	0	0	0	0	0	0	0	0	0	9	18	0	0	0	0	0	0	0	0	
"Thailand"	55	57	20	0	112	39	59	94	40	176	106	35	17	17	17	71	18	54	0	0	
"United Arab Emirates"	0	0	0	0	0	0	0	0	0	0	1	0	0	0	0	0	0	0	0	0	
