Exporters	Imported value in 2006-M06	Imported value in 2006-M07	Imported value in 2006-M08	Imported value in 2006-M09	Imported value in 2006-M10	Imported value in 2006-M11	Imported value in 2006-M12	Imported value in 2007-M01	Imported value in 2007-M02	Imported value in 2007-M03	Imported value in 2007-M04	Imported value in 2007-M05	Imported value in 2007-M06	Imported value in 2007-M07	Imported value in 2007-M08	Imported value in 2007-M09	Imported value in 2007-M10	Imported value in 2007-M11	Imported value in 2007-M12	Imported value in 2008-M01	
"World"	29127	29036	33071	31261	37877	45543	41229	40736	33820	36686	32296	39888	35034	33226	29688	35340	42667	40714	36190	29076	
"Italy"	7668	9461	6223	8170	10257	9254	5845	6039	6300	3503	6668	9851	8766	8036	3137	7581	8039	7187	4659	6394	
"Germany"	3400	4855	3716	3448	3492	4058	2968	4905	3926	4286	3790	8449	5471	6178	4739	4565	5257	5137	3760	5621	
"China"	5193	2894	9462	5532	8421	15246	11712	10545	6140	8782	6797	4252	2556	4698	6071	7579	8107	7056	10045	4896	
"Hungary"	2799	3649	3235	3956	2997	3058	3123	2226	2221	1902	2585	3832	3689	3756	3702	3725	5802	7485	5144	2985	
"Poland"	1462	1766	1104	1417	1520	1256	1355	2364	2906	1196	558	1385	2773	2477	1648	3205	4160	4166	3179	2621	
"United States of America"	1227	13	123	573	1181	543	326	661	1573	1482	1409	802	650	1699	1716	2380	1666	771	1687	1521	
"Spain"	2720	1864	2756	2581	2430	2170	2895	1414	1647	2240	904	2046	2609	2205	1591	1565	2454	1578	1526	1209	
"Turkey"	2064	1893	1685	3221	2948	2689	1744	696	2844	2073	2102	1107	1738	983	2444	1433	1541	2666	1997	977	
"Korea, Republic of"	1774	1934	3713	436	3036	4917	8148	10130	4079	8526	5257	5054	3665	258	905	1179	2893	2534	1914	597	
"Romania"	0	0	0	0	0	0	0	56	27	0	0	0	0	0	0	0	138	435	820	511	
"Mexico"	0	0	0	0	0	0	171	141	399	500	230	574	458	877	1110	382	831	87	61	441	
"Netherlands"	0	9	0	0	7	6	0	0	198	184	66	52	180	97	784	106	84	0	73	295	
"France"	10	3	2	797	659	991	1633	685	884	1054	779	1065	1127	460	641	295	374	577	326	270	
"Bulgaria"	0	0	0	0	185	250	284	169	120	197	215	255	304	342	206	363	429	539	388	227	
"Slovenia"	261	185	225	261	199	371	163	227	156	244	430	285	516	517	177	198	361	215	286	226	
"Australia"	45	68	71	148	130	83	101	102	73	156	157	126	278	80	202	429	162	0	0	155	
"Austria"	117	97	58	67	109	40	7	14	26	23	80	30	19	80	47	77	56	69	48	44	
"Sweden"	146	240	77	31	31	49	108	71	83	43	0	18	0	71	47	73	101	18	100	27	
"New Zealand"	38	0	0	0	0	0	54	0	0	0	27	32	33	230	68	30	61	31	0	15	
"Hong Kong, China"	0	18	0	224	5	418	150	2	0	5	3	113	2	92	392	27	25	25	30	13	
"Ireland"	7	9	40	29	11	31	28	7	15	44	22	14	16	19	37	7	18	8	18	11	
"Czech Republic"	0	0	0	0	1	8	20	0	0	0	0	25	0	0	0	35	11	0	0	11	
"Denmark"	12	32	44	16	8	5	25	4	24	5	49	149	0	0	0	7	16	0	0	6	
"Belgium"	6	6	3	2	5	12	3	3	5	7	15	20	28	22	10	75	9	47	105	4	
"Brazil"	0	0	0	0	0	0	0	0	0	0	0	0	0	0	0	0	0	0	10	0	
"Canada"	0	0	0	0	23	0	0	0	0	0	0	74	0	0	1	0	0	0	0	0	
"Israel"	0	0	0	0	0	0	0	0	0	0	0	0	0	0	0	0	0	0	1	0	
"Iran, Islamic Republic of"	0	0	0	0	20	0	0	0	0	0	0	0	0	0	0	0	0	0	0	0	
"Greece"	137	37	475	346	163	84	354	197	121	15	23	187	137	0	2	0	4	19	14	0	
"Norway"	0	0	0	0	0	0	0	0	0	0	0	0	2	0	0	0	0	0	0	0	
"Philippines"	0	0	0	0	0	0	0	0	0	22	11	0	0	0	0	12	0	0	0	0	
"Saint Lucia"	0	0	0	0	0	0	0	0	0	0	0	0	0	0	1	0	0	0	0	0	
"Qatar"	0	0	0	0	0	0	3	0	0	0	0	0	0	0	0	0	0	0	0	0	
"Taipei, Chinese"	0	0	21	7	0	0	0	9	0	0	0	9	18	9	9	0	18	9	0	0	
"Japan"	21	0	0	0	0	0	0	0	0	0	0	0	0	0	0	0	23	0	0	0	
"Lebanon"	21	0	0	0	0	0	0	0	0	0	0	0	0	0	0	0	0	0	0	0	
"Lithuania"	0	0	0	0	0	0	0	0	0	0	39	51	0	0	0	0	13	55	0	0	
"Luxembourg"	0	0	0	0	0	0	0	68	50	179	0	0	0	0	0	0	0	0	0	0	
"Switzerland"	0	0	0	0	0	0	0	0	2	0	0	0	0	0	0	0	0	0	0	0	
"Thailand"	0	0	23	0	39	0	0	0	0	19	78	19	0	11	0	0	0	0	0	0	
"United Arab Emirates"	0	0	0	0	0	2	0	2	0	0	0	0	0	0	0	13	13	0	0	0	
"South Africa"	0	0	13	0	0	0	8	0	0	0	0	13	0	30	0	0	0	0	0	0	
