Exporters	Imported value in 2004-M11	Imported value in 2004-M12	Imported value in 2005-M01	Imported value in 2005-M02	Imported value in 2005-M03	Imported value in 2005-M04	Imported value in 2005-M05	Imported value in 2005-M06	Imported value in 2005-M07	Imported value in 2005-M08	Imported value in 2005-M09	Imported value in 2005-M10	Imported value in 2005-M11	Imported value in 2005-M12	Imported value in 2006-M01	Imported value in 2006-M02	Imported value in 2006-M03	Imported value in 2006-M04	Imported value in 2006-M05	Imported value in 2006-M06	
"World"	19867	19080	10157	15519	16369	20032	18744	21724	30457	20828	30288	22198	22798	17986	13930	16333	19190	21176	27614	32850	
"Italy"	7348	6351	2876	3562	4673	5804	6114	6669	14125	7106	9713	7221	5956	7422	4579	5872	7381	5599	8014	11587	
"Spain"	2454	810	1520	2249	1545	2467	2036	2079	1570	2383	2713	2831	2457	820	1167	1212	1681	1583	3767	4108	
"Germany"	1137	745	527	1384	1525	1672	632	1047	1621	1476	1380	393	517	603	116	405	350	1067	959	1710	
"Denmark"	530	641	351	684	1069	1154	1248	1487	1622	819	1211	978	452	727	429	723	916	1000	1626	1689	
"Portugal"	1615	762	795	1234	1353	1045	1016	973	2521	1240	1083	1138	1255	960	1218	1283	1387	1399	1292	1578	
"Austria"	312	439	236	300	752	744	331	710	460	361	731	1098	452	594	1	788	723	1749	1875	1534	
"China"	375	565	317	543	400	762	639	782	1248	913	1326	965	1255	895	1037	1244	914	809	1174	1437	
"Czech Republic"	316	192	0	195	204	222	5	654	683	586	1067	38	69	14	51	102	61	2054	1733	1409	
"Netherlands"	684	1736	478	668	909	721	884	706	903	546	799	1141	910	541	441	640	849	543	1190	1161	
"France"	369	3435	126	163	76	78	2388	1207	777	207	3732	2249	289	920	1103	212	946	1099	871	1036	
"United States of America"	611	362	353	264	349	415	281	433	813	710	647	772	931	415	626	404	943	935	1284	999	
"Ireland"	1415	993	713	2216	823	2262	591	1710	1533	669	2036	850	1577	1275	812	1242	320	293	431	984	
"Turkey"	362	262	493	286	821	497	463	514	566	895	737	805	683	403	385	434	745	900	1046	862	
"Hungary"	68	0	29	58	86	90	163	82	197	219	27	91	78	58	96	59	59	655	314	483	
"Slovakia"	190	215	50	209	126	92	170	199	213	254	283	175	290	242	83	150	161	85	175	305	
"United Arab Emirates"	11	0	0	0	25	229	0	0	25	0	0	0	0	0	2	0	0	130	0	260	
"Greece"	239	182	219	624	306	204	165	269	335	334	154	116	3774	115	131	82	248	98	329	250	
"Romania"	0	0	57	0	95	58	72	80	107	137	155	154	346	189	146	133	62	153	205	238	
"Finland"	1247	1000	333	346	625	905	1088	1169	473	1104	560	582	458	373	307	252	188	174	440	236	
"Slovenia"	192	164	196	205	170	263	132	297	244	278	257	310	253	177	177	154	333	169	219	213	
"South Africa"	110	81	55	41	74	53	38	76	37	88	65	67	137	0	71	32	0	36	10	151	
"Taipei, Chinese"	0	0	0	0	0	0	0	0	49	80	55	54	56	0	1	0	48	130	50	148	
"Hong Kong, China"	86	0	3	16	0	0	17	0	0	0	0	1	0	135	0	0	0	0	33	100	
"Poland"	0	14	16	42	85	81	102	84	57	100	51	25	362	33	130	146	130	125	149	85	
"New Zealand"	86	0	16	0	0	0	62	0	0	0	41	0	87	46	10	0	7	0	0	68	
"Mexico"	0	0	0	0	0	0	0	0	0	6	58	69	74	79	44	31	58	97	79	61	
"Israel"	0	0	0	0	0	0	0	0	0	2	0	29	30	0	0	30	0	30	0	58	
"Norway"	50	58	0	5	15	34	10	19	0	50	0	0	11	39	5	73	0	35	0	34	
"Belgium"	7	4	4	13	44	11	22	11	45	118	33	12	15	467	15	161	15	8	25	26	
"Luxembourg"	4	0	9	99	114	14	17	23	49	11	29	10	8	37	77	57	21	36	0	11	
"Japan"	11	16	0	0	2	21	0	0	0	5	0	14	4	15	319	327	374	0	9	8	
"Indonesia"	0	0	0	0	0	0	0	0	0	0	0	0	0	0	0	0	0	0	34	8	
"Switzerland"	0	1	0	0	0	0	0	0	2	0	61	0	0	0	14	0	0	0	8	6	
"Sweden"	3	2	140	88	29	48	21	82	30	93	201	2	1	370	180	20	191	183	184	4	
"India"	0	50	0	0	0	0	0	0	0	0	0	0	0	0	0	8	0	1	0	3	
"Singapore"	0	0	245	0	0	0	0	4	0	0	948	0	0	0	0	0	0	0	0	2	
"Korea, Republic of"	0	0	0	0	0	0	10	0	0	0	0	0	0	0	0	0	0	0	0	0	
"Lithuania"	0	0	0	0	21	0	0	0	0	0	0	0	0	0	0	0	0	0	0	0	
"Malaysia"	0	0	0	0	0	3	0	0	0	0	0	0	0	23	0	0	0	0	0	0	
"Iran, Islamic Republic of"	0	0	0	0	0	0	0	0	0	2	0	0	0	0	0	0	0	0	0	0	
"Bulgaria"	0	0	0	0	0	2	0	0	0	18	0	0	0	0	7	0	7	0	0	0	
"Canada"	0	0	0	0	0	31	0	31	34	12	124	6	0	0	151	37	72	0	50	0	
"Cyprus"	0	0	0	0	0	0	0	279	0	0	0	0	0	0	0	0	0	0	0	0	
"Australia"	32	0	0	23	53	34	28	47	48	6	11	0	11	0	0	23	0	0	35	0	
"Thailand"	0	0	0	0	0	15	0	0	69	0	0	0	0	0	0	0	0	0	0	0	
