Exporters	Imported value in 2015-M04	Imported value in 2015-M05	Imported value in 2015-M06	Imported value in 2015-M07	Imported value in 2015-M08	Imported value in 2015-M09	Imported value in 2015-M10	Imported value in 2015-M11	Imported value in 2015-M12	Imported value in 2016-M01	Imported value in 2016-M02	Imported value in 2016-M03	Imported value in 2016-M04	Imported value in 2016-M05	Imported value in 2016-M06	Imported value in 2016-M07	Imported value in 2016-M08	Imported value in 2016-M09	Imported value in 2016-M10	Imported value in 2016-M11	
"China"	9058	11683	8536	8920	14194	10988	11724	8194	9131	7424	9675	11692	9773	11324	12515	11273	13443	10695	12567	13908	
"Turkey"	10365	7802	12593	11406	10671	13414	12048	13764	10207	7440	9601	9244	9243	11577	11138	6276	13450	9977	10952	10677	
"Poland"	3684	3166	6225	6006	5909	6343	7651	6196	4852	5259	5374	6280	5826	6065	9377	9900	8293	7883	8963	9167	
"Korea, Republic of"	4386	2541	2259	4830	2325	4447	5812	3621	1957	1708	2448	3037	2475	2925	3271	3106	3849	4862	4716	3852	
"Italy"	3224	3849	3862	3732	2621	4735	5730	4180	2475	3270	3663	3797	3235	3238	2983	2362	2889	3729	3291	3185	
"Germany"	4141	2458	3761	3776	4531	3888	3399	3071	1861	2065	2642	2361	2750	2940	3351	2898	3391	2982	3064	3166	
"Romania"	966	1242	936	2166	1852	3031	1437	798	1126	830	1982	1262	1456	1847	2273	1394	1807	1810	943	1108	
"Thailand"	416	1034	661	867	587	640	476	658	701	410	761	605	656	866	585	833	1142	549	676	969	
"Hungary"	528	499	670	547	564	635	553	387	299	364	408	373	549	575	776	477	283	355	294	507	
"Ireland"	372	400	451	520	234	221	255	326	284	239	513	374	174	205	363	383	611	280	266	346	
"United States of America"	20	60	122	224	330	258	28	45	151	201	437	764	205	292	536	271	331	602	445	333	
"Slovenia"	179	167	263	314	309	269	325	309	128	360	226	122	242	147	288	157	278	396	200	240	
"Bulgaria"	352	67	153	123	137	153	153	143	142	169	361	401	721	517	586	629	304	234	366	188	
"Spain"	306	341	552	578	505	400	658	648	500	508	302	252	580	614	880	439	173	220	308	161	
"Serbia"		33	100	117	64	157	247	77	117	153	54	30	112	178	144	80		76	27	82	
"India"	87		198	178	139	177	251	58	173	78	219	230	180	139	238	218	266	227	75	59	
"Estonia"																	112	42	74	47	
"Austria"	124	86	166	88	80	46	77	28	16	34	69	71	64	2	22	80	86	68	45	38	
"Netherlands"	9	50	11	49	14	11	98	91	1	3	3	29	21	15	8	6	19	123	20	34	
"Denmark"	22	27	19	22	23	46	21	22	10	21	13	18	24	29	25	10	23	27	19	15	
"Norway"				0			37						4			5	4			8	
"Belgium"	5	1																3		3	
"France"	3	12	3	13	7	30	11	4	2	6	22	10	17	19	6	18	28	7	20	2	
"Sweden"																	0			0	
"Switzerland"			2	0																	
"South Africa"														1			1				
"Singapore"	5				3		0				5							8			
"Philippines"		1								1											
"Portugal"			1	3			0		149							2		1			
"New Zealand"				1																	
"Mexico"	41		41			76	82									78					
"Greece"			2										1								
"Indonesia"	5				1						5										
"Australia"		2							4												
"Finland"													4								
"Czech Republic"	77	2		1																	
