Importers	2002-M09-Exported unit value, US Dollar/Kilograms	2002-M10-Exported unit value, US Dollar/Kilograms	2002-M11-Exported unit value, US Dollar/Kilograms	2002-M12-Exported unit value, US Dollar/Kilograms	2003-M01-Exported unit value, US Dollar/Kilograms	2003-M02-Exported unit value, US Dollar/Kilograms	2003-M03-Exported unit value, US Dollar/Kilograms	2003-M04-Exported unit value, US Dollar/Kilograms	2003-M05-Exported unit value, US Dollar/Kilograms	2003-M06-Exported unit value, US Dollar/Kilograms	2003-M07-Exported unit value, US Dollar/Kilograms	2003-M08-Exported unit value, US Dollar/Kilograms	2003-M09-Exported unit value, US Dollar/Kilograms	2003-M10-Exported unit value, US Dollar/Kilograms	2003-M11-Exported unit value, US Dollar/Kilograms	2003-M12-Exported unit value, US Dollar/Kilograms	2004-M01-Exported unit value, US Dollar/Kilograms	2004-M02-Exported unit value, US Dollar/Kilograms	2004-M03-Exported unit value, US Dollar/Kilograms	2004-M04-Exported unit value, US Dollar/Kilograms	Exported value in 2004-M04, US Dollar thousand	Exported quantity in 2004-M04, Kilograms	
"World"	3.54	3.26	3.62	3.90	4.30	3.82	3.66	3.46	3.65	3.96	3.74	3.98	3.55	3.62	3.85	4.24	4.90	4.10	4.16	4.13	9221	2234722	
"Romania"	5.62	3.55	3.79	3.31	3.73	3.76	3.40	3.22	3.70	3.96	3.86	3.39	3.12	3.07	4.28	4.35	4.23	4.13	4.12	3.91	1460	372956	
"Bulgaria"	3.34	2.77	3.14	10	3.20	3.79	3.24	3.19	3.30	3.34	3.21	3.26	2.90	4.03	3.58	3.16	2.64	3.87	3.77	4.34	1454	334731	
"France"	3.21	2.67	2.60	2.94	3.15	2.71	2.69	3.06	6.63	2.95	3.07	2.86	3.82	3.49	3.40	4.07	4.49	3.92	4.28	3.97	1361	343125	
"Ukraine"	3.74	3.50	3.58	3.53	2.93	2.91	3.10	2.97	2.94	3.21	3.07	3.49	4.30	4.23	4.23	3.36		3.29	3.43	3.35	536	160204	
"Croatia"				2.71		4.43	4.47	2.99	3.44	3.91	3.41	3.38	8.33	1.59	2.48		6.76	7.00	4.18	4.08	382	93532	
"United Kingdom"	2.96	3.99	3.72	2.72	3.22	3.43	2.73	4.24	4.35	3.94	4.74	3.14	3.91	3.39	2.84	4.10	5.04	5.45	3.63	4.12	347	84300	
"Iraq"										3.51	3.28	7.12	3.29	3.33	3.37	3.35	3.28	3.47	3.42	3.67	310	84572	
"Germany"	4.18	3.71	3.79	4.85	4.37	4.29	3.69	3.87	4.05	4.06	4.23	3.69	3.22	4.14	4.10	5.31	4.27	6.34	4.23	4.80	286	59565	
"Austria"	5.30	3.46	5.17	5.27	5.61	4.88	6.64	4.79	5.57	6.38	5.84	5.42	5.35	5.54	5.93	5.77	7.11	6.14	6.55	5.80	277	47745	
"Azerbaijan"	7.87	11	2.90	4	1.83		2.54	2.55	3.92	2.70		2.67	5.95	2.89		8.20	12	0.67	3.21	3.86	252	65280	
"United States of America"	4.35	6.95	4.68	5.36	5.14	5.84	5.03	4.77	8.61	6.23	5.76	5.84	4.70	5.48	3.52	5.91	5.88	6.67	6.11	7.25	251	34617	
"Greece"	2.72	2.62	2.69	2.98	2.91	3.10	3.05	2.98	3.26	4.03	3.13	3.17	3.18	3.38	3.26	3.29	3.81	3.75	3.38	3.50	216	61707	
"Serbia"	2.41	2.38	3.07	3.22	2.91	3.54	3.83	2.57	3.32	3.64	3.17	3.27	2.99	3.34	3.35	3.97	5.64	3.84	5.52	3.70	195	52753	
"Hungary"	7.69		8		4.61		3.29	4.92	5.42	3.50	3.14	3.12	3.35	3.50	3.63	4.29	3.62		4.69	3.98	188	47192	
"Israel"	3.61	3.99	3.43	4.51	3.77	3.75	4.34	3.54	4.09	3.45	4.27	3.14	3.19	4.42	3.38	3.55	4.21	5.52	3.89	5.40	173	32054	
"Italy"	2.70	2.62	2.76	2.90	3.72	3.79	3.35	3.99	3.17	6.63	5.04	3.66	3.55	3.73	3.35	5.42	5.38	4.34	7.52	3.88	154	39712	
"Moldova, Republic of"			8.56				3.74	0	0	6.73	0					5.94				3.79	127	33480	
"Ireland"	3.90	2.20	2.19	2.36	2.49	2.52			3.15		3.22	4.35	0	2.64	2.71	2.91	3.01	3.72	4.33	4.08	126	30901	
"Bosnia and Herzegovina"	2.91	0		3.44		3.50	3.23	4.28	4.25	3.23	2.92	2.92			0					4.72	119	25195	
"Belgium"	2.65	3.29	4.79	4.04	10	3.72	3.06	5.11	6.34	5.41	4.23	3.17	3.10	3.74	3.66	3.62	3.24	5.35	3.76	3.15	100	31746	
"Netherlands"	7.40	4.18	3.22	6.23	4.13	3.27	4.69	4.69	4.98	5.20	4.03	4.42	4.06	5.77	4.89	4.57	5.88	4.87	5.37	4.82	96	19907	
"Switzerland"	3.03			3.51	3.74	3.71	4.99	3.87	4.81	3.24	4.27	3.55	4.83		4.51	4.06	5.98	4.99	3.24	3.63	93	25643	
"Spain"	3.95	2.46	2.59	4.57	7.19	2.80	3.55	3.06	3.13	4.79	3.84	3.02	2.84	3.81	3.15	3.51	5.02	3.45	3.22	5.37	78	14526	
"Czech Republic"		5.08				4.58			2.5			3.57			3.74	30			7.02	5.09	57	11199	
"Cyprus"	3.48	4.04		3.01	4.90	2.90	4.24	3.85	3.51	5.88	3.58	5.77	3.96	4.18	6.70	4.84	3.75	3.83	3.64	4.69	47	10031	
"Georgia"	10	3.33	11	3.53			2.75	2.71	2.98	4.38	2.32	3.54	1.29	5.75	3.28	5.58	15		3.81	3.50	42	11998	
"Australia"		5.28	8.95	2.65		4.83	8.96	5.13	7.22	8.26	6.89	7.04	11	8.84	12	3.26	10	3.39	6.87	5.68	40	7040	
"Syrian Arab Republic"																				4.10	40	9750	
"Saudi Arabia"	2.49	2.46	4.86	2.79	6.22	2.49	4.69	3.48	3.65	3.28	2.70	3.16	3.60	3.47	0	4.69	2.73	4.45	3.75	2.94	38	12910	
"Kazakhstan"	7.78	5.97	1.33	13		6.21	4.16	2.58	2.80	13	3.74	4.09	4.54	2.16	3.25	2.94	4.41	14	3.35	3.43	37	10782	
"Korea, Republic of"		11					10		15	10	11							9.61		12	35	2920	
"Sweden"	2.21	2.39	2.42		0			3.50	3.18	2.86	3.40	2.71	2.95	2.80	9.88	3.90	5.68		3.62	5.53	35	6333	
"Lebanon"	2.56				7.34		8.81		9.26			4.44		6.42		8.70		8.20		6.93	33	4762	
"Poland"	5.88	0.85	4.53					5.43				4.78			0	3.70	4.12		3.96	4.12	30	7290	
"New Zealand"	5.20			4.84	10	3.42			3.59		11		10	4.76			8.70		4.60	13	28	2205	
"Slovakia"																				4.11	21	5112	
"Free Zones"	0	3.45			3.5	2.62	3.18	0	0	0	0	4.44	5.69	6.21	9.01	6.06	4.08	6.17	4.13	5.92	19	3210	
"Denmark"	7.44				5.71				3.37	2.92		6.51		2.85					13	3.58	18	5022	
"Côte d'Ivoire"					2.29			2.16				11		2.56				3.62	4.50	2.78	17	6124	
"Portugal"	5.45										2.89	3.00	3.02			3.13				3.70	16	4320	
"Russian Federation"	3.53	6.38	9.42	5.46	10		11	5.22	1.98	15	5.32	7.41	12	13	4	15			2.24	4.85	15	3090	
"Indonesia"		2.22				3.03			4.17			3.67	13					6.10		4.23	12	2840	
"Turkmenistan"		7.20	14	1.86	1.89		3.57	6.97		26	10	2.86			7.75	8		2.78		8.30	11	1325	
"Congo"			3.06			2.74	2.29			4.02	2.95	3.36	3.22	7.96				4.52	3.69	4.11	10	2436	
"Kyrgyzstan"													8.20							1.78	8	4500	
"Afghanistan"										7.14		6.15			0					10	7	690	
"Japan"				0	2		3.88		8.96	26	5.97	18	13		16	7.81				7.28	6	824	
"Tunisia"	0			2.99		5.86	2.92		3.51					2.63	2.73					18	5	280	
"Canada"																	8.26	13		17	4	230	
"United Arab Emirates"		6.42	6.04	6.01	3.04	2.76	0.48	13					3.42				6.82		6.11	6.20	3	484	
"Macedonia, The Former Yugoslav Republic of"	2.84	4.57	2.63		10		5.08	2.48	3.40	0.74	15	2.48	3.58	2.75	2.98		9.11	3.47		4.26	3	705	
"Algeria"		12									2.18									11	2	180	
"Iran, Islamic Republic of"					0					4.44				6.03			6.13	3.16		2.5	1	400	
"Taipei, Chinese"			3.05							4.44									0	6.37	1	157	
"Mongolia"							4.29						0								0		
"Kuwait"															15						0		
"Jordan"						6.02			2.45	2.94							3.49				0		
"Kenya"	1.91								0			3.61						1.54			0		
"Nigeria"	2.74		2.55	3.13			2.57	2.69		2.82			2.86		3.76				2.95		0		
"Norway"	2.78										3.95			4.11			4.67		13		0		
"Peru"		4.07																			0		
"Morocco"						23	3.29	4.46		5		3.36				7.59	4.01				0		
"Oman"			4.30											6.06							0		
"Nepal"	2.43							3.57	3.12		3.19										0		
"Guinea"	2.35			2.14		17	2.84		17					2.58							0		
"Hong Kong, China"			0					11	7.69		11	13			15	15	13				0		
"Latvia"							5.33	3.42						0							0		
"Libya, State of"	2.51	2.90	3.04		4.29		3.44	2.94	2.79		2.53	2.71	3.07	2.84		16	1.64			0	0	45	
"Lithuania"							5.23	3.50	2.18	3.28							8.52				0		
"Madagascar"				3.09																	0		
"Malaysia"															15	19					0		
"Malta"	2.48		4.58	6.21				3.61		5.91						4.66	5.75				0		
"Mauritius"																			0		0		
"Bahrain"														5.49				6.13			0		
"Albania"			0	2.22	3.30	3.36		3.72	3.71	3.66	3.08	0	2.34						2.25		0		
"Sri Lanka"															6.38						0		
"Chile"												2.78									0		
"Colombia"	7.02																				0		
"Brazil"	7.72				5.92																0		
"Cameroon"															3.88						0		
"Cuba"																12					0		
"Dominica"										6.09											0		
"Ecuador"			5.04																		0		
"Ethiopia"						3.28							4.17								0		
"Estonia"							5.33	3.30						3.28				2.19			0		
"Faroe Islands"		3.26																			0		
"Finland"									6.67												0		
"Palestine, State of"				4.73																	0		
"Ghana"	2.33	3.06		0	2.33			2.24				4.17		2.51		2.67					0		
"Benin"				1.76							1.64					1.41					0		
"Gabon"									2.90									3.35	2.94		0		
"Egypt"	4.96				9.52		0									6.13	5.52		3.43		0		
"Tanzania, United Republic of"								3.70			3.51									0	0	85	
"Uzbekistan"						2.86	5.02	19	9.74		3.76		1.89	4.14	2.60	3.18	15		3.33		0		
"Venezuela, Bolivarian Republic of"			4.88																		0		
"Yemen"	2.96							2.65		3.19	2.93				2.90	2.59					0		
"Area Nes"	2.65	3.05	3.13	4.47	3.56	5.35		3.21	3.38								4.76				0		
"Tajikistan"			15											7.5		5.49			0		0		
"Thailand"			0							7.75											0		
"Qatar"					1.24									0							0		
"New Caledonia"																			6.36		0		
"Slovenia"				9.52		4.96								10							0		
"South Africa"		19	23															4.63	5.64		0		
"Sudan (before 2012)"										2.14					6.32						0		
"Suriname"							12										40				0		
"Sierra Leone"							3.67										2.68				0		
"India"				2.71											3.83						0		
"Singapore"	3.47	10		0	2.38	3.85	3.15			3.14	14	3.23			3.65	4.81			14		0		
