Importers	Exported value in 2012-M08	Exported value in 2012-M09	Exported value in 2012-M10	Exported value in 2012-M11	Exported value in 2012-M12	Exported value in 2013-M01	Exported value in 2013-M02	Exported value in 2013-M03	Exported value in 2013-M04	Exported value in 2013-M05	Exported value in 2013-M06	Exported value in 2013-M07	Exported value in 2013-M08	Exported value in 2013-M09	Exported value in 2013-M10	Exported value in 2013-M11	Exported value in 2013-M12	Exported value in 2014-M01	Exported value in 2014-M02	Exported value in 2014-M03	
"World"	173230	190233	145291	144775	141763	140622	110161	156669	159018	189640	181077	182042	180199	172017	163430	159298	150626	172863	126399	169133	
"Japan"	42401	41976	23756	38532	32677	42331	25000	32172	27939	36262	37855	39415	43776	30867	31011	31283	37231	45194	36254	38766	
"United States of America"	18130	24424	15278	12341	20720	13980	11429	20433	32516	36956	35020	27542	24784	34024	26143	18943	18904	19494	16154	24477	
"Germany"	7250	6965	5355	8348	9792	13812	8679	11359	10959	15503	10976	13763	15695	18502	23600	17788	18181	20235	15896	11246	
"United Kingdom"	12200	14356	15549	13952	14077	7997	6428	10348	10959	13744	13248	15548	12820	8230	7677	8184	7228	6569	5185	7955	
"France"	6593	6468	6130	6700	7599	4695	3257	7226	5390	6501	6040	7075	6692	7050	4562	6322	6225	5703	4134	7106	
"Russian Federation"	9705	11425	10279	3661	2622	1708	1252	3212	4626	8442	8819	8779	6646	6816	6419	4740	5077	9139	4628	6899	
"Italy"	3964	2256	2980	2526	2360	6307	4524	4828	3584	2454	2279	1643	2323	2340	886	1472	3206	2617	1665	4543	
"Australia"	3800	3624	5722	5576	5981	2830	4504	4004	2599	2918	3206	1647	3207	3353	4891	7411	3500	4443	2936	4527	
"South Africa"	12332	11507	8909	3461	2904	3322	2669	5850	5753	5780	6986	3229	3748	5312	5249	4259	2086	3180	1953	3846	
"Algeria"	366	538	422	66	248	966	647	1069	1081	2094	942	1570	268	155	1587	2448	776	4140	2088	2783	
"Netherlands"	1504	1781	1722	2206	1355	1891	1787	1358	1167	1713	1049	905	882	1390	1325	1543	1436	1194	1098	2542	
"Saudi Arabia"	899	874	1429	1581	875	1568	1220	2819	2875	2234	2077	3011	1674	1507	1535	675	920	2734	2459	2537	
"Bangladesh"	7392	9359	2015	1255	1423	1119	1017	1573	2358	1977	2599	3311	7011	4636	2601	1603	1188	2232	1431	2433	
"India"	1658	4169	335	252	182	561	1028	2700	1344	1619	1528	1691	1405	768	1433	1106	655	757	1827	2323	
"Spain"	2875	3330	2421	2609	2058	2049	1702	2628	2796	3100	3525	3433	2420	1926	1358	2157	1680	2725	1843	2315	
"Iraq"	2697	1889	1706	1099	1402	2419	3223	2761	2465	3167	3217	3711	2253	1958	522	1710	896	1933	1229	2261	
"Canada"	1532	2081	1210	2105	1439	1358	1814	1852	2504	3330	2497	3072	3126	2930	2834	4089	2626	2368	1544	1930	
"Chile"	3102	2751	3782	906	2408	1801	1012	1830	2044	1644	1210	2392	1699	3755	3006	3473	2781	2769	1637	1873	
"Nigeria"	1722	1456	681	1533	1710	1282	2800	2889	1907	1607	1154	1689	1311	1899	538	1744	910	2085	1367	1780	
"Venezuela, Bolivarian Republic of"	3693	3430	2370	4512	3699	1263	3023	4045	4444	6428	1911	327	494	78	1779	4287	5421	2890	335	1716	
"Poland"	3202	2693	4051	1083	863	1423	987	973	1093	1337	635	1498	998	1415	1989	1044	1581	1753	1575	1687	
"Uzbekistan"	287	399	477	1942	1045	472	814	1370	721	428	297	609	1170	1061	1062	844	1447	275	554	1681	
"Peru"	198	312	636	460	552	694	583	815	465	357	877	1171	449	451	1097	472	349	1193	933	1450	
"Georgia"	88	368	1135	179	141	37	435	856	1117	1826	456	306	544	604	817	459	323	687	443	1438	
"Viet Nam"	335	678	840	1123	1085	287	286	1139	983	535	430	329	258	1340	2022	1201	1864	825	478	1257	
"Korea, Republic of"	36	2796	2077	2676	85	58	11	32	67	90	340	1250	782	748	606	621	262	858	410	1225	
"United Arab Emirates"	1144	1062	578	847	401	858	469	1193	1462	1646	6278	1058	3101	3715	2483	709	1580	1822	744	1207	
"Yemen"	347	544	749	393	310	503	2180	1227	1043	936	565	451	613	1527	456	1723	1369	346	395	1204	
"Hong Kong, China"	2564	1895	1524	1278	1075	1095	580	757	706	1024	886	1122	1480	1127	1513	999	1005	879	590	1139	
"Israel"	722	984	322	406	337	1123	1214	1011	1233	1113	815	1051	568	666	604	1029	195	323	306	1115	
"Egypt"	0	1	0	0	0	0	2	1	0	90	0	0	48	1	262	23	2	117	308	1101	
"Malaysia"	270	821	412	419	892	532	316	609	464	570	524	517	670	697	467	677	740	556	391	1046	
"Angola"	645	1247	1039	953	427	655	553	1319	794	299	219	774	622	1119	1009	1249	1180	1325	899	1013	
"Philippines"	773	476	876	649	635	1115	502	939	545	718	419	827	783	734	1102	1834	877	502	589	926	
"Turkey"	367	1238	814	1102	879	1226	464	959	1036	1044	1330	1123	1648	925	675	809	791	1253	327	903	
"New Zealand"	582	1047	934	344	905	537	591	541	407	559	390	520	851	629	405	1232	666	1194	632	764	
"Indonesia"	1014	1230	736	867	811	605	837	911	1002	1006	957	1142	1002	1237	1067	1115	868	637	194	722	
"Iran, Islamic Republic of"	1843	1239	297	1737	304	1220	122	814	549	498	236	915	860	370	81	462	1835	199	290	664	
"Portugal"	281	896	658	305	498	658	124	360	715	537	570	433	437	438	739	522	692	722	444	645	
"Libya, State of"	138	330	375	218	0	389	507	216	335	509	255	219	723	238	354	255	64	135	461	605	
"Ukraine"	351	170	384	328	229	233	62	420	206	1219	2454	304	1456	635	605	236	274	238	255	604	
"Mongolia"	730	827	564	572	483	363	254	388	404	652	599	547	507	621	516	676	535	409	266	509	
"Armenia"	15	71	63	269	0	56	24	302	115	396	410	77	154	88	246	251	43	58	138	506	
"Kyrgyzstan"	626	279	117	291	87	274	178	823	660	869	635	530	556	186	223	308	215	144	243	499	
"Thailand"	233	204	274	460	280	244	546	358	106	143	294	147	204	364	276	334	201	507	383	492	
"Ghana"	383	367	305	358	442	592	289	780	555	540	826	568	777	480	592	528	296	492	408	468	
"Ethiopia"	0	155	25	0	529	258	121	292	488	344	291	560	949	270	481	389	359	581	264	461	
"Pakistan"	282	316	327	244	190	293	195	222	427	279	336	494	478	458	94	128	161	700	0	458	
"Colombia"	572	356	608	530	739	377	661	1052	793	313	747	827	411	468	499	351	331	602	961	441	
"Afghanistan"	20	0	0	0	0	474	257	400	400	372	181	31	0	16	17	17	155	390	218	423	
"Korea, Democratic People's Republic of"	536	523	224	453	252	307	34	60	110	256	463	763	773	737	416	240	151	384	148	412	
"Belgium"	127	51	95	135	94	574	74	68	19	123	94	150	214	496	293	272	258	256	513	379	
"Singapore"	336	469	378	695	329	451	215	627	800	622	833	278	529	318	460	865	441	427	397	361	
"Greece"	551	689	403	371	338	162	176	201	334	402	445	478	667	298	359	292	176	380	216	348	
"Panama"	531	1065	293	714	448	1043	483	699	295	406	654	597	1077	286	585	382	405	841	234	339	
"Oman"	37	56	71	117	0	170	45	32	74	27	130	137	100	348	114	298	110	70	92	306	
"Kuwait"	110	109	116	31	124	143	118	50	138	25	75	236	25	276	99	104	100	62	0	281	
"Uruguay"	521	418	526	429	193	534	209	215	15	73	435	977	917	387	329	322	767	492	97	259	
"Jordan"	246	654	1004	442	1882	595	639	378	694	578	230	298	612	118	160	85	52	172	106	258	
"Sweden"	380	323	576	491	377	546	268	533	315	399	224	208	419	379	286	401	355	290	252	248	
"Myanmar"	682	210	46	301	460	307	91	226	313	496	268	707	272	74	100	134	416	418	67	240	
"Slovakia"	374	285	397	275	117	194	184	129	165	137	108	160	76	147	206	200	184	238	110	233	
"Mauritius"	141	70	296	297	137	92	39	108	114	230	204	154	239	95	105	338	166	79	44	214	
"Morocco"	519	546	141	74	160	82	75	290	755	465	129	356	343	111	89	124	154	177	119	211	
"Czech Republic"	256	65	112	98	67	71	69	214	193	67	29	190	145	142	117	128	155	53	288	205	
"Turkmenistan"	198	186	551	139	67	251	140	33	350	258	46	128	317	180	47	60	70	72	9	201	
"Ecuador"	141	175	311	241	144	203	284	449	317	109	91	374	89	166	0	219	489	496	165	196	
"Lebanon"	386	86	45	80	0	84	129	15	108	164	193	437	211	30	21	17	96	105	58	190	
"Ireland"	95	106	177	216	136	113	46	37	0	276	184	216	104	305	94	346	263	86	261	189	
"Kazakhstan"	643	424	945	974	453	385	1943	607	87	966	968	6065	2118	1846	2964	3986	269	1888	767	185	
"Bolivia, Plurinational State of"	0	107	105	71	37	25	106	81	17	155	57	54	70	31	18	118	239	0	197	155	
"Romania"	530	464	999	186	236	193	163	160	243	304	402	198	40	292	397	110	155	79	80	149	
"Tajikistan"	149	35	17	0	0	11	134	296	625	557	244	378	111	86	29	17	47	30	3	145	
"Gabon"	93	0	68	64	41	31	0	21	33	51	95	208	38	37	119	135	78	160	19	139	
"Kenya"	183	201	129	284	345	228	343	331	173	170	186	188	251	320	46	192	40	141	51	135	
"Dominican Republic"	76	58	31	263	0	31	86	313	212	137	47	83	49	17	111	73	62	13	197	133	
"Haiti"	97	119	85	157	83	75	99	90	89	0	0	33	147	33	108	67	123	31	33	133	
"Jamaica"	171	144	96	94	54	109	15	132	86	44	80	149	85	168	65	235	152	179	178	117	
"Tanzania, United Republic of"	134	152	145	232	148	283	113	233	154	466	154	198	232	77	220	303	72	130	107	107	
"Mozambique"	150	178	93	265	65	115	40	114	120	20	235	235	148	17	0	135	75	37	51	103	
"Djibouti"	31	0	20	40	0	13	16	71	36	0	64	0	0	0	83	410	260	69	0	103	
"Azerbaijan"	71	0	79	51	468	60	107	245	257	308	174	0	0	0	0	21	0	111	0	103	
"Côte d'Ivoire"	199	166	130	98	90	367	38	302	233	164	375	311	328	223	45	171	33	219	287	102	
"Bahrain"	14	46	18	23	32	21	6	58	20	54	24	122	13	126	62	45	49	32	49	99	
"Paraguay"	260	110	52	121	0	525	201	446	359	31	71	608	1203	1037	972	0	169	0	0	94	
"Trinidad and Tobago"	29	30	0	0	0	0	0	20	0	0	26	40	69	44	0	36	29	35	0	94	
"Netherlands Antilles"	0	0	0	0	0	33	12	15	21	0	0	0	11	21	2	0	0	0	14	91	
"Hungary"	0	46	42	70	33	50	173	202	215	160	250	19	67	41	66	17	28	89	84	85	
"Bulgaria"	47	159	68	79	118	16	80	109	218	0	234	0	157	30	146	0	107	0	0	76	
"Taipei, Chinese"	22	601	849	278	531	138	2	19	71	208	0	4	1	70	948	271	273	142	0	73	
"Senegal"	45	49	21	73	238	18	56	111	66	99	92	108	42	58	74	130	68	201	110	66	
"Moldova, Republic of"	53	90	36	0	0	0	0	14	0	55	34	55	0	31	0	0	51	46	0	62	
"Austria"	37	0	26	30	65	37	19	43	22	39	18	0	27	13	35	67	15	81	35	60	
"Sudan (before 2012)"	44	9	0	14	0	19	15	0	0	38	36	73	0	44	33	102	2	2	30	55	
"Mexico"	400	442	465	745	327	156	94	521	211	217	151	279	250	159	287	423	43	142	56	53	
"Switzerland"	0	34	0	0	21	115	211	252	0	141	99	313	371	281	41	285	268	228	270	52	
"Qatar"	1	88	60	57	16	12	129	0	0	52	132	0	105	7	9	42	115	132	0	50	
"Sri Lanka"	45	51	61	9	650	6	31	108	0	62	177	30	99	238	76	52	118	164	24	48	
"Fiji"	20	202	158	64	35	44	0	0	120	30	62	296	291	187	103	0	37	21	17	46	
"Lithuania"	79	0	0	0	21	68	0	36	0	21	81	141	20	43	132	19	41	35	21	45	
"Zambia"	48	74	56	13	75	49	68	16	42	33	18	52	19	36	23	19	0	13	0	38	
"Estonia"	0	67	35	17	17	20	74	24	16	0	48	0	17	53	0	0	38	16	0	36	
"Cameroon"	125	170	104	117	52	71	74	125	71	0	190	48	146	0	117	69	0	148	103	36	
"Mayotte"	48	17	12	48	60	0	0	33	24	70	0	54	118	92	63	74	42	32	0	35	
"Vanuatu"	0	0	6	0	0	0	0	0	19	0	4	14	0	0	14	6	0	0	1	34	
"Cyprus"	32	15	14	36	80	9	23	80	26	31	4	4	8	31	1	51	62	28	32	32	
"Bosnia and Herzegovina"	50	12	30	0	77	0	36	74	0	0	82	0	40	0	48	21	40	0	18	31	
"Liberia"	34	0	1	0	0	0	24	0	16	17	16	10	0	11	1	0	18	27	0	29	
"Papua New Guinea"	27	65	42	50	15	25	15	16	46	57	29	25	56	16	14	47	63	2	0	25	
"Togo"	13	21	0	2	22	0	0	36	0	0	0	15	0	0	24	7	4	4	19	25	
"Slovenia"	67	22	0	0	20	16	0	64	0	21	106	59	21	0	41	68	0	0	42	23	
"Congo, Democratic Republic of the"	63	0	0	13	42	0	0	78	51	16	9	76	11	35	8	19	16	8	27	23	
"Gambia"	0	0	13	27	0	0	0	24	21	0	0	0	15	0	0	0	0	0	0	22	
"Albania"	150	15	33	19	31	28	48	95	47	0	32	201	0	80	0	0	72	60	0	21	
"Brunei Darussalam"	20	61	0	81	0	8	7	0	52	29	30	6	0	13	35	31	87	27	0	21	
"Macedonia, The Former Yugoslav Republic of"	0	0	46	0	0	0	0	19	0	0	0	0	22	0	0	0	0	0	0	21	
"Namibia"	23	0	0	42	157	211	97	0	76	15	0	109	105	107	37	61	13	91	76	19	
"Belize"	0	0	0	0	0	0	0	18	0	0	0	0	0	0	0	0	0	0	2	18	
"Palestine, State of"	60	0	0	0	0	0	0	0	0	3	0	0	0	0	0	3	0	0	0	16	
"Cabo Verde"	0	0	28	28	90	34	29	19	64	41	17	23	0	19	0	34	0	0	0	15	
"Bahamas"	1	0	0	0	0	0	0	0	0	27	0	0	0	0	0	0	0	0	0	15	
"Mauritania"	5	0	0	65	0	0	18	19	29	29	40	30	0	3	0	113	0	0	0	13	
"Brazil"	98	243	87	281	41	8	3	3	0	0	10	2	13	22	43	0	32	2	0	7	
"Suriname"	53	22	54	0	15	25	38	50	18	19	31	45	0	53	11	25	0	22	2	7	
"Sierra Leone"	0	0	0	8	19	36	0	0	13	0	33	0	0	0	0	5	54	18	17	7	
"Argentina"	0	0	0	1	172	24	140	0	269	219	50	19	78	87	0	43	43	79	2	5	
"Tunisia"	154	60	53	128	0	303	0	191	239	449	544	473	401	114	81	75	0	20	1	4	
"Guatemala"	0	0	0	0	0	0	0	15	0	0	0	19	0	0	76	25	28	0	66	3	
"Macao, China"	0	9	0	0	0	23	46	7	0	8	0	6	10	9	2	7	273	1	0	3	
"Samoa"	0	0	0	0	2	0	0	0	0	0	11	0	0	0	0	0	0	0	0	2	
"Equatorial Guinea"	23	69	2	0	29	0	1	10	0	3	0	81	0	0	0	0	68	47	0	1	
"Cambodia"	0	0	0	0	16	0	0	0	43	40	0	0	0	0	14	0	22	18	0	1	
"Burundi"	0	0	0	0	0	0	0	0	0	0	0	0	0	0	0	0	0	0	0	1	
"Belarus"	0	0	0	0	0	0	0	0	0	0	0	0	3	0	0	0	0	0	0	0	
"Solomon Islands"	0	0	0	10	0	0	0	0	0	0	10	0	0	4	0	0	0	0	0	0	
"Central African Republic"	8	0	0	0	0	0	0	0	0	0	0	0	0	0	0	0	0	0	0	0	
"Chad"	0	0	0	0	0	0	2	0	0	0	0	3	10	0	0	0	0	0	0	0	
"Comoros"	0	0	0	0	3	0	0	0	0	0	0	0	0	0	0	0	0	0	15	0	
"China"	0	0	0	0	0	0	0	0	0	0	0	0	0	0	0	0	0	0	0	0	
"Barbados"	0	19	0	0	0	15	0	0	0	0	15	0	15	0	22	0	0	0	0	0	
"Botswana"	12	21	170	118	94	94	0	0	59	95	170	0	4	0	0	17	0	0	0	0	
"Eritrea"	0	0	0	0	1	6	2	0	0	0	0	0	0	17	0	6	0	0	0	0	
"Congo"	31	0	85	2	46	65	26	0	1	9	0	10	21	28	28	11	6	33	3	0	
"Costa Rica"	42	39	0	21	20	0	126	0	0	13	0	0	0	0	0	0	0	15	0	0	
"Croatia"	0	17	18	0	40	0	24	0	44	35	0	0	0	15	0	17	0	0	0	0	
"Cuba"	0	0	0	1	0	0	0	0	280	237	0	0	0	0	0	10	0	0	0	0	
"Benin"	0	0	74	3	0	4	0	0	2	0	6	1	0	60	0	2	3	2	0	0	
"Denmark"	52	45	14	15	129	0	77	21	84	131	0	41	0	18	19	0	98	62	22	0	
"Dominica"	0	0	0	0	0	4	0	21	0	0	14	0	0	0	0	0	0	0	1	0	
"Guinea"	0	22	18	27	39	14	0	1	0	20	0	0	0	15	3	9	77	117	0	0	
"Guyana"	36	19	80	91	46	20	0	0	0	32	69	15	34	33	18	21	0	13	0	0	
"Honduras"	34	13	12	0	35	0	79	19	19	68	11	137	15	72	66	0	0	0	32	0	
"Grenada"	0	2	0	0	0	0	0	0	0	0	14	12	0	0	0	1	0	0	15	0	
"Finland"	36	861	97	4	791	348	175	59	92	115	110	96	0	14	0	16	9	80	82	0	
"French Polynesia"	0	27	0	0	0	28	15	28	14	27	1	29	37	28	0	45	42	0	35	0	
"Madagascar"	0	174	57	17	6	40	17	38	21	49	40	0	31	1	10	73	36	0	77	0	
"Malawi"	0	0	18	15	0	0	0	0	0	0	0	0	0	0	0	0	0	0	0	0	
"Lao People's Democratic Republic"	0	0	0	1	0	0	0	0	0	0	0	13	0	2	0	0	0	0	0	0	
"Latvia"	87	77	129	50	101	20	0	0	33	0	210	15	20	255	111	119	129	35	0	0	
"Maldives"	0	0	0	0	0	0	0	0	0	0	0	0	0	3	0	0	0	0	0	0	
"Mali"	0	0	0	0	0	0	0	0	0	0	16	0	1	0	14	0	14	0	32	0	
"Malta"	0	0	0	30	27	0	14	0	24	0	0	13	14	0	0	16	35	5	0	0	
"Iceland"	0	0	0	0	0	0	0	0	0	0	0	1	0	0	0	0	0	0	0	0	
"Nepal"	0	7	16	14	33	0	0	0	0	41	46	37	0	0	0	0	0	0	19	0	
"Oceania Nes"	6	0	0	0	0	0	0	0	0	0	0	0	0	0	0	0	0	0	0	0	
"Montenegro"	0	0	0	0	0	0	0	0	0	0	0	0	0	0	0	0	18	0	0	0	
"Nicaragua"	0	0	0	0	0	0	0	0	0	0	4	0	0	0	0	12	12	0	0	0	
"Niger"	33	0	0	0	0	0	0	0	0	0	2	0	0	0	0	0	0	0	0	0	
"New Caledonia"	16	35	16	13	8	29	26	14	14	30	16	8	29	55	20	76	36	46	0	0	
"Norway"	0	0	0	0	90	10	0	0	0	77	0	0	17	0	0	0	0	28	0	0	
"Guinea-Bissau"	1	0	0	0	12	0	0	0	0	0	0	0	0	0	0	0	0	0	0	0	
"Timor-Leste"	0	0	0	0	0	0	0	0	0	0	0	0	17	0	0	0	0	0	0	0	
"Rwanda"	9	47	0	0	0	0	0	0	0	0	10	0	0	0	0	0	0	0	0	0	
"Saint Lucia"	0	0	0	0	0	0	0	0	0	0	18	0	0	0	0	0	0	0	18	0	
"Sao Tome and Principe"	0	0	0	7	0	0	0	0	0	0	8	0	0	6	0	0	0	0	0	0	
"Uganda"	0	0	42	147	0	0	0	0	0	14	57	0	0	0	0	0	8	2	3	0	
"Tonga"	0	0	0	0	0	0	0	0	0	0	0	0	0	0	0	0	0	3	0	0	
"Burkina Faso"	0	0	0	0	0	0	0	31	0	9	0	0	0	0	0	0	0	0	0	0	
"Serbia"	17	50	0	0	19	0	56	34	104	76	130	31	44	0	79	0	87	93	0	0	
"Seychelles"	0	0	0	22	0	0	0	18	13	0	0	4	0	0	0	0	15	10	0	0	
"Syrian Arab Republic"	0	0	0	0	0	0	0	0	0	0	0	0	1	0	1	0	0	0	0	0	
"Somalia"	0	17	0	0	0	18	0	0	17	33	0	0	0	17	0	17	17	0	17	0	
"Zimbabwe"	62	47	19	0	0	1	50	16	15	16	0	17	0	0	0	0	0	0	0	0	
