Importers	Exported value in 2016-M08	Exported value in 2016-M09	Exported value in 2016-M10	Exported value in 2016-M11	Exported value in 2016-M12	Exported value in 2017-M01	Exported value in 2017-M02	Exported value in 2017-M03	Exported value in 2017-M04	Exported value in 2017-M05	Exported value in 2017-M06	Exported value in 2017-M07	Exported value in 2017-M08	Exported value in 2017-M09	Exported value in 2017-M10	Exported value in 2017-M11	Exported value in 2017-M12	Exported value in 2018-M01	Exported value in 2018-M02	Exported value in 2018-M03	
"World"	196242	187071	174329	202012	175358	173270	175086	237169	232929	279943	273219	250030	246910	236032	206469	218433	201919	202486	191772	262197	
"United States of America"	29492	40129	35445	40289	28289	29779	24395	29347	37600	46635	45745	34123	36842	41637	39061	35783	30844	27930	23639	36231	
"Japan"	24241	21424	21753	21040	15556	20518	26540	35208	23154	28575	35525	41151	28446	30823	13724	21023	18014	36513	20320	32171	
"France"	9009	9859	7136	9447	7521	7691	9432	16301	9601	17172	14448	14366	10792	8706	10964	9481	12252	7910	6642	12391	
"United Kingdom"	13443	10695	12567	13908	12372	12786	12007	12493	8924	12955	13279	13762	17149	16072	17063	16218	11329	10737	11788	11246	
"Korea, Republic of"	8250	6758	3735	4323	4561	3398	5304	6093	7809	6079	7821	8371	9226	9099	4065	2955	3711	3878	4122	9621	
"Canada"	3980	3100	3856	3205	3188	2150	3487	3436	5346	6595	6382	4914	5013	6243	7016	7865	3973	3626	3149	8580	
"Australia"	8144	8143	10752	11103	8118	8432	6980	7731	9110	11333	8418	6686	8962	9206	11640	9489	12027	8520	7276	8396	
"Spain"	4006	4657	4358	3331	4556	2395	4102	6639	6355	9840	10062	7737	5916	4424	3687	4814	5285	4705	2929	7923	
"Poland"	3113	4271	3867	4266	4697	4758	4017	4206	7313	8132	6587	5531	5752	6285	5033	8933	8381	5707	4842	7902	
"Italy"	5598	4042	2405	3141	4547	3694	5255	8426	5350	8878	5694	6673	6427	3917	6154	4659	3579	3591	11774	7898	
"Netherlands"	3336	3104	3157	3404	4039	3672	3579	4991	3137	6276	4908	4680	5662	3152	5909	4318	4424	4705	4476	7396	
"South Africa"	5147	4032	3881	4741	3900	4027	3924	6807	4614	6496	7024	5655	4417	4722	6266	4600	5423	6185	4768	6859	
"Germany"	10698	5092	5941	7630	7561	5240	4778	8488	9876	11174	9653	7998	9465	8742	9799	7228	7528	5806	7049	6703	
"Iraq"	5318	1490	2475	3029	2609	4808	6098	6671	5011	8630	7427	5648	4878	1722	2005	3965	3650	5711	7593	6598	
"India"	4685	5607	1439	2170	2247	3182	4154	8317	5915	2660	2572	4587	12165	11081	3493	2449	2843	1320	4116	6226	
"Russian Federation"	3839	3378	2579	3065	2697	3820	2917	2535	3550	3895	4956	4229	3710	3643	3921	3706	5027	5811	3947	5490	
"Bangladesh"	3871	1199	935	1856	2353	2875	2092	2219	3598	7281	9440	5766	3445	522	672	1254	1081	1379	4590	5262	
"Saudi Arabia"	2743	4410	2809	3299	2447	6908	3827	6637	6799	9305	3879	4755	3835	1325	2428	1326	2158	4015	3971	5181	
"Chile"	2009	3520	3887	4646	4285	2186	2869	3362	3856	3774	4634	3106	4336	6196	3405	3956	4446	3266	2939	4172	
"Algeria"	4138	2040	4528	4722	6395	7132	1761	8651	9860	2155	1251	2825	2418	2917	1873	690	106	2591	548	3193	
"United Arab Emirates"	1303	1210	1233	2360	2768	878	1752	2665	1759	1816	1797	1864	1556	2158	2496	2246	2514	1792	4465	2869	
"Peru"	320	1250	2108	1097	1349	669	1742	1629	1219	1636	1361	1895	1923	2213	2149	1837	2149	2450	2556	2531	
"Philippines"	983	1460	1040	2065	1343	1916	1469	1756	1702	2119	2075	2401	2171	2532	2178	2920	1891	1719	2352	2478	
"Viet Nam"	964	1073	1698	2523	3450	699	1279	1391	1196	1080	1868	2220	2440	2434	2700	3759	5923	5590	1656	2450	
"Indonesia"	2030	1741	1399	1985	1742	1619	1442	1791	2471	1539	1402	2125	1222	1902	1233	1907	1334	1661	1262	2369	
"Hong Kong, China"	1664	2056	2180	1969	1256	1652	1203	1788	2818	1664	2340	2190	2162	1480	1926	1979	2513	1987	899	2156	
"Portugal"	301	1189	589	742	1002	492	1383	1393	1049	2095	1968	1697	1400	1726	1239	2371	1744	1289	1797	2146	
"Colombia"	1123	1297	950	252	953	568	726	1077	1233	1136	1343	1846	1648	1532	1292	1600	2023	1582	1360	1974	
"Israel"	859	680	721	729	480	1375	1702	1612	2485	1134	1505	1890	740	408	553	995	1406	1481	1186	1755	
"Greece"	906	691	304	786	903	365	496	510	396	797	1009	1245	1061	439	574	635	1023	536	409	1580	
"Ecuador"	515	306	123	299	29	207	374	909	476	679	1195	114	425	0	799	2002	578	540	945	1567	
"Belgium"	879	625	692	802	501	370	359	1462	2455	2182	2629	2037	2165	1619	1227	2876	812	764	424	1444	
"Iran, Islamic Republic of"	2270	2119	2349	2937	5175	1289	1641	3391	4541	5235	4406	2409	2411	3626	2509	3575	1326	1703	3133	1392	
"Panama"	753	1005	691	716	709	445	466	1218	852	1290	1563	736	2164	820	1519	1076	470	501	254	1263	
"Uzbekistan"	507	266	379	265	731	171	732	272	872	551	1071	1631	904	874	800	390	486	403	784	1222	
"Nigeria"	808	784	108	575	504	600	516	611	1145	1241	1827	1052	1016	1469	913	979	1264	1099	1370	1192	
"Malaysia"	1132	545	794	1455	1166	645	685	1233	785	1625	886	682	809	721	705	869	864	777	589	1149	
"New Zealand"	774	1053	653	1343	1542	583	1061	841	642	846	1229	709	1114	1073	1082	1609	1273	1167	803	1146	
"Lebanon"	415	434	404	264	491	607	547	507	878	1088	753	225	299	179	390	359	173	279	698	1069	
"Singapore"	370	577	436	708	777	606	666	852	627	934	661	624	812	565	841	4214	3331	1245	554	1060	
"Turkey"	588	671	532	1663	1046	757	1156	1513	1863	1664	1385	766	578	806	189	679	286	407	379	1059	
"Ukraine"	233	377	151	518	419	278	250	162	329	467	206	329	318	311	461	448	276	656	1064	1043	
"Afghanistan"	54	103	14	5	91	231	35	628	550	427	227	123	67	22	15	32	79	496	352	995	
"Hungary"	103	155	134	26	284	133	59	150	131	162	114	182	49	166	62	135	389	235	331	951	
"Ghana"	884	732	399	668	1020	474	810	895	1118	1374	2064	1591	1418	1343	1703	264	396	934	789	947	
"Dominican Republic"	499	301	812	710	537	316	1029	548	944	591	748	561	1009	1057	838	1474	598	1234	794	886	
"Argentina"	630	420	175	6	0	2	212	308	1390	128	304	1069	574	1700	1119	625	1534	217	536	816	
"Mexico"	829	1466	396	271	245	217	186	210	371	599	547	471	512	1717	917	487	963	873	1534	811	
"Sweden"	229	197	255	259	166	129	203	269	279	477	486	723	343	429	407	466	476	417	294	784	
"Kazakhstan"	102	94	223	82	61	125	44	255	238	253	303	542	368	161	374	349	252	204	157	775	
"Côte d'Ivoire"	150	264	251	319	208	323	87	298	485	676	895	690	658	339	832	347	748	92	991	749	
"Georgia"	211	432	367	746	222	29	244	297	865	705	342	665	167	360	127	267	73	43	481	744	
"Kyrgyzstan"	56	109	95	74	88	255	306	239	360	209	490	732	391	86	182	404	295	503	271	712	
"Romania"	352	586	1240	120	334	136	174	189	503	342	615	638	674	714	877	668	326	568	652	707	
"Kenya"	545	304	396	464	454	227	346	524	532	924	561	256	555	622	303	674	425	322	459	646	
"Uruguay"	662	801	393	530	659	679	754	806	572	637	152	444	432	593	1081	616	339	386	911	608	
"Djibouti"	100	2	112	199	97	138	17	122	25	132	115	134	155	570	270	681	893	2	970	591	
"Albania"	102	65	14	157	0	15	0	49	58	302	24	48	233	195	57	118	85	46	157	550	
"Madagascar"	315	332	308	326	60	204	16	142	35	242	227	127	136	359	195	340	248	249	317	542	
"Somalia"	29	7	90	16	0	27	88	147	42	166	46	226	344	397	298	111	467	432	713	535	
"Guatemala"	42	46	189	227	152	168	16	325	330	233	254	157	249	201	196	206	224	248	378	533	
"Thailand"	170	129	268	235	129	90	174	207	281	291	640	320	214	224	326	393	226	332	392	517	
"Denmark"	0	184	206	86	167	170	141	144	138	251	93	297	235	270	133	325	156	217	227	454	
"Kuwait"	403	313	530	614	224	189	664	395	656	467	353	473	444	149	177	313	426	411	673	438	
"Tunisia"	559	63	0	0	1	0	37	319	14	616	524	166	49	331	194	0	119	0	54	430	
"Azerbaijan"	148	356	218	206	33	14	15	129	97	440	464	64	161	218	124	229	141	132	251	424	
"Tanzania, United Republic of"	545	378	123	146	189	187	140	273	511	265	227	401	276	268	180	312	260	174	622	419	
"Angola"	25	14	32	31	22	4	0	40	16	127	57	69	118	377	87	361	400	132	411	415	
"Pakistan"	464	482	99	349	225	450	992	412	943	650	673	763	447	371	270	223	425	247	412	403	
"Slovenia"	40	0	0	4	0	81	134	20	26	269	113	38	35	78	3	0	14	203	245	384	
"Ethiopia"	1473	1414	1079	1000	692	804	248	709	461	647	955	824	1670	730	943	535	658	596	515	350	
"Czech Republic"	217	195	144	10	78	193	69	76	462	320	278	255	262	329	224	275	144	526	270	343	
"Mongolia"	249	510	429	488	534	321	300	226	252	453	595	658	614	672	617	859	601	453	236	342	
"Honduras"	149	211	270	388	464	270	539	271	193	419	386	383	265	219	186	358	258	125	548	327	
"Paraguay"	457	693	154	983	394	160	598	531	748	508	710	1026	1786	1376	98	380	700	686	354	275	
"Brazil"	0	212	20	3	2	38	25	152	41	120	147	122	211	157	555	97	465	253	238	263	
"Bosnia and Herzegovina"	17	0	0	31	22	0	0	305	263	503	156	212	115	154	140	155	102	180	175	262	
"Bulgaria"	90	136	16	100	9	12	84	68	110	159	63	61	87	0	43	30	105	34	20	252	
"Senegal"	255	234	71	155	169	54	42	142	180	322	332	129	176	54	96	221	213	135	218	236	
"Croatia"	116	21	68	98	74	40	36	168	109	349	101	157	138	61	13	67	14	15	184	227	
"Sri Lanka"	86	313	125	403	156	57	110	440	251	29	409	188	296	165	369	162	145	100	115	216	
"Taipei, Chinese"	1	2	2	0	3	1	3	162	2	316	18	21	90	23	65	336	1017	300	77	216	
"Mauritius"	133	29	60	111	269	67	122	113	90	106	66	179	176	198	172	276	212	118	197	213	
"Qatar"	76	61	31	11	108	146	81	234	84	79	176	256	78	193	0	164	49	125	168	210	
"Finland"	0	40	31	36	14	0	106	62	86	72	67	68	111	61	81	51	69	109	67	199	
"Trinidad and Tobago"	276	202	221	180	45	14	75	52	13	117	174	273	262	369	120	77	76	35	134	198	
"Libya, State of"	247	773	463	844	779	197	425	479	1477	1126	759	172	207	132	557	988	346	164	340	176	
"Sudan"	0	0	0	0	0	51	14	146	67	197	412	0	66	57	33	53	55	121	13	164	
"Bolivia, Plurinational State of"	366	334	208	549	265	367	366	580	636	315	398	986	444	514	290	356	189	256	224	162	
"Haiti"	164	104	81	106	163	64	30	32	14	72	223	113	70	137	45	176	117	111	49	160	
"Fiji"	123	197	192	151	29	62	111	161	48	192	38	288	149	113	64	170	179	35	98	158	
"Jamaica"	203	236	247	239	178	166	282	334	196	360	362	305	198	353	289	508	257	361	163	147	
"Jordan"	364	362	333	80	435	312	783	690	788	1697	1462	398	500	319	82	197	231	336	553	146	
"Nepal"	0	1	1	18	0	0	14	19	0	23	53	20	49	69	29	0	85	90	139	145	
"Cyprus"	80	217	71	252	169	71	98	43	122	123	67	162	113	210	53	95	265	98	69	144	
"Oman"	223	126	352	172	229	62	75	132	264	161	230	225	37	494	199	95	144	123	102	140	
"Myanmar"	198	370	103	434	273	504	273	274	219	290	473	600	210	172	225	245	638	542	177	128	
"Cameroon"	80	135	135	201	194	51	86	91	47	345	115	79	185	99	87	289	86	282	102	127	
"Serbia"	31	25	40	17	47	8	0	0	33	149	16	17	35	17	16	0	77	41	107	115	
"Moldova, Republic of"	0	0	18	26	43	0	23	28	51	51	12	84	61	65	40	67	29	82	12	110	
"Lithuania"	111	57	82	91	43	197	79	109	247	15	24	14	42	36	63	59	320	168	66	110	
"Switzerland"	20	24	32	47	58	128	42	40	253	93	100	89	92	32	103	216	89	209	0	105	
"Bahrain"	240	181	90	227	26	15	0	50	290	214	105	55	93	28	126	169	31	48	51	103	
"Togo"	43	34	1	19	3	1	4	0	4	64	60	45	71	14	30	10	1	1	5	102	
"Costa Rica"	213	348	236	445	307	63	115	170	261	431	265	453	398	470	433	118	83	31	58	100	
"El Salvador"	115	68	172	201	69	274	42	81	13	109	124	160	117	59	226	40	110	206	93	98	
"Nicaragua"	92	28	27	69	53	39	70	38	59	63	55	61	73	50	40	33	64	29	64	88	
"Ireland"	244	110	479	242	363	165	66	156	166	223	87	267	164	171	203	257	109	0	139	85	
"Estonia"	134	12	60	0	25	0	69	81	91	71	0	0	66	27	35	23	14	142	0	82	
"Morocco"	86	143	39	283	57	33	55	291	97	252	155	370	51	17	33	37	18	14	97	73	
"Mozambique"	24	9	68	58	38	68	9	49	88	35	117	108	9	125	37	55	63	79	37	71	
"Cabo Verde"	0	87	177	114	25	0	0	28	22	0	146	0	14	151	0	35	61	88	0	69	
"Papua New Guinea"	46	78	2	102	109	0	22	32	90	50	6	34	76	32	31	188	18	56	2	64	
"Yemen"	203	125	41	204	151	0	20	128	108	482	184	561	229	156	131	230	68	243	83	64	
"Benin"	7	29	0	51	22	45	157	103	85	40	11	18	71	39	34	31	4	40	34	56	
"Brunei Darussalam"	57	38	2	0	62	84	4	60	58	0	56	51	22	23	26	28	33	24	90	49	
"Uganda"	35	17	0	2	14	16	38	11	5	28	34	50	0	16	12	66	19	53	12	46	
"Egypt"	527	313	38	726	506	896	0	615	495	177	622	719	2	117	151	420	311	463	297	45	
"Suriname"	13	0	21	69	0	86	0	94	88	49	29	47	163	115	24	55	90	18	106	45	
"Cuba"	20	14	0	70	15	22	23	172	279	183	186	28	24	17	91	0	0	0	0	44	
"Tajikistan"	48	60	19	12	0	53	0	45	43	71	170	105	118	15	8	30	116	116	34	43	
"Latvia"	87	126	98	53	61	0	14	30	28	0	28	60	101	37	12	138	32	80	144	36	
"Guyana"	129	99	63	134	114	95	112	58	65	108	67	156	171	47	189	119	14	58	64	33	
"Slovakia"	0	0	0	0	0	0	0	5	0	30	76	48	88	83	111	118	108	17	99	31	
"Norway"	0	0	0	0	0	0	0	0	0	0	1	1	18	0	0	0	0	0	31	26	
"Mauritania"	41	19	14	0	2	2	18	13	24	122	17	0	4	0	12	0	0	12	3	23	
"Gabon"	139	8	93	202	66	26	70	113	29	60	213	92	80	131	13	8	8	2	140	23	
"Montenegro"	0	0	0	0	23	0	0	0	0	11	0	0	15	0	0	0	0	0	0	22	
"New Caledonia"	0	38	43	37	5	12	12	24	28	8	0	13	14	17	0	1	0	58	0	17	
"Lao People's Democratic Republic"	36	0	0	2	0	2	11	5	1	2	5	2	7	26	48	1	21	28	3	17	
"Malawi"	0	0	2	0	0	0	0	3	1	0	10	0	0	0	0	0	0	0	0	16	
"Barbados"	0	0	0	16	11	0	0	0	0	0	31	0	35	0	14	15	17	38	0	16	
"Austria"	12	0	0	0	0	0	0	0	47	0	0	0	88	27	0	50	0	3	39	15	
"Belize"	42	3	0	0	0	30	24	0	0	0	33	18	0	0	32	0	20	0	0	15	
"Liberia"	1	1	1	14	0	16	0	32	13	24	25	16	18	27	36	11	15	0	8	15	
"French Polynesia"	15	39	31	16	68	15	80	44	42	25	22	85	41	14	62	31	44	19	0	13	
"Equatorial Guinea"	5	7	0	0	0	58	0	0	0	27	5	14	39	12	11	0	0	13	24	13	
"Cambodia"	0	0	16	65	16	22	1	94	0	32	39	14	52	0	52	88	1	263	68	12	
"Armenia"	352	196	148	166	112	0	118	203	386	654	67	171	167	282	135	194	281	35	38	11	
"Sint Maarten (Dutch part)"	0	0	0	0	0	0	0	0	0	0	0	0	0	12	0	0	12	0	0	11	
"Sao Tome and Principe"	17	0	0	0	0	0	0	0	0	0	6	0	1	0	0	25	4	0	0	4	
"Macao, China"	2	7	3	3	5	3	28	4	6	3	11	3	6	4	4	4	4	4	14	3	
"Comoros"	0	19	0	0	0	1	0	0	3	23	4	9	2	3	3	8	2	20	12	3	
"Congo, Democratic Republic of the"	59	28	2	12	2	21	0	18	3	73	34	48	17	60	3	94	78	17	41	3	
"Guinea"	7	4	12	1	39	41	21	3	3	60	5	40	17	74	34	18	46	14	5	2	
"Solomon Islands"	6	0	0	0	0	0	0	0	0	2	9	0	0	0	0	1	0	9	0	2	
"Samoa"	0	8	0	0	0	14	0	0	15	0	23	0	9	2	5	29	0	11	0	2	
"Zambia"	0	1	4	4	0	37	0	24	6	0	2	26	34	148	27	111	23	104	50	1	
"Venezuela, Bolivarian Republic of"	2473	158	1737	4344	242	4453	2190	1012	758	886	1079	58	4713	2621	392	2965	723	39	24	0	
"Wallis and Futuna Islands"	0	0	0	0	0	5	0	0	0	0	0	0	0	0	0	0	0	0	0	0	
"Burkina Faso"	90	14	36	15	13	13	17	0	0	23	0	30	114	0	39	0	0	17	0	0	
"Macedonia, The Former Yugoslav Republic of"	17	0	245	0	0	0	0	19	17	3	16	0	2	0	10	16	0	19	0	0	
"Turkmenistan"	31	34	110	98	284	139	130	24	176	384	219	155	13	55	56	139	122	59	40	0	
"Seychelles"	0	0	0	17	0	13	15	0	0	18	11	12	11	1	0	0	19	0	13	0	
"Sierra Leone"	4	13	0	0	18	0	13	0	15	56	0	42	7	11	1	1	0	2	2	0	
"Rwanda"	30	0	31	25	11	23	0	0	32	0	1	13	33	0	24	36	0	56	0	0	
"Saint Lucia"	0	0	0	0	0	0	0	0	0	0	14	0	0	0	0	32	0	0	0	0	
"Saint Vincent and the Grenadines"	0	0	0	0	0	0	18	0	0	0	0	0	16	0	0	0	0	0	0	0	
"Tonga"	0	0	0	0	0	0	0	0	12	0	0	0	0	0	0	0	0	0	0	0	
"Syrian Arab Republic"	0	0	0	0	0	0	0	0	0	0	14	0	0	0	0	0	0	0	0	0	
"Swaziland"	0	0	0	0	0	0	0	0	0	0	0	0	40	0	0	0	0	0	0	0	
"Sudan (before 2012)"	24	19	131	34	0	0	0	0	0	0	0	0	0	0	0	0	0	0	0	0	
"Zimbabwe"	2	0	0	0	1	0	0	6	0	0	0	0	0	1	27	2	2	0	0	0	
"South Sudan"	0	0	0	0	0	0	0	0	0	0	0	2	0	1	0	0	4	0	2	0	
"British Virgin Islands"	0	0	0	0	0	0	0	0	0	0	0	0	0	0	0	5	0	0	2	0	
"Burundi"	0	0	0	0	0	0	0	0	0	0	0	0	0	0	0	0	23	0	35	0	
"Congo"	81	29	60	29	44	11	0	19	90	16	3	12	39	9	19	2	41	0	3	0	
"Central African Republic"	0	0	0	0	0	0	0	0	11	0	0	12	0	0	0	0	0	0	0	0	
"Chad"	13	39	25	0	0	0	0	9	0	0	0	0	0	0	0	0	4	2	0	0	
"Botswana"	0	0	0	0	0	4	0	0	0	0	0	2	0	0	0	0	0	0	0	0	
"Bahamas"	12	0	26	12	0	1	11	0	10	0	0	13	12	0	0	27	0	0	26	0	
"Antigua and Barbuda"	0	0	0	13	0	0	0	0	0	0	0	0	0	0	0	0	0	0	15	0	
"Kiribati"	0	0	0	0	2	0	7	7	0	0	0	4	6	0	2	0	0	0	0	0	
"Grenada"	12	0	0	0	1	0	0	0	0	11	0	0	0	1	0	1	0	0	0	0	
"Gambia"	0	23	13	0	0	1	1	9	0	12	15	14	39	58	0	0	11	13	67	0	
"Palestine, State of"	0	101	13	110	123	235	27	142	62	60	183	0	65	0	0	71	97	53	0	0	
"Cook Islands"	0	0	0	0	0	0	0	0	0	0	0	0	0	2	0	0	0	0	0	0	
"Eritrea"	0	0	0	0	9	3	0	0	0	0	0	0	1	0	0	0	0	0	4	0	
"Dominica"	0	0	0	0	0	0	0	0	0	0	0	0	216	24	0	1	0	0	0	0	
"Maldives"	0	13	0	0	13	33	0	1	37	2	18	1	1	36	0	0	1	4	0	0	
"Mali"	41	0	21	31	0	69	25	22	24	57	22	32	16	71	58	12	19	0	30	0	
"Malta"	51	49	99	78	0	32	32	13	0	87	25	12	30	37	0	81	82	18	0	0	
"Iceland"	15	0	0	0	14	0	0	0	0	0	0	0	0	0	0	0	34	0	0	0	
"Korea, Democratic People's Republic of"	1342	342	204	648	333	275	160	656	697	2151	3234	2058	1446	167	149	110	122	37	0	0	
"Bonaire, Sint Eustatius and Saba"	0	0	0	0	0	0	0	0	0	11	0	0	0	0	0	12	0	0	0	0	
"Vanuatu"	11	1	1	11	0	3	0	2	0	8	0	2	4	4	8	1	11	13	5	0	
"Netherlands Antilles"	81	6	26	85	0	0	0	0	0	0	0	0	0	0	0	0	0	0	0	0	
"Curaçao"	0	0	0	0	0	13	15	0	40	13	0	0	0	35	14	15	0	0	0	0	
"Aruba"	0	0	55	0	0	15	0	0	13	1	0	0	0	31	0	0	0	0	0	0	
"Namibia"	2	0	0	74	1	0	0	0	0	0	0	0	0	1	0	1	0	0	0	0	
"Micronesia, Federated States of"	0	0	12	0	0	0	0	0	0	0	0	1	0	0	0	1	0	0	0	0	
"Marshall Islands"	0	0	0	0	0	0	0	0	0	0	0	5	0	0	0	1	8	5	0	0	
"Niger"	1	0	0	0	0	2	0	0	0	0	0	6	0	0	0	0	0	0	0	0	
"Guinea-Bissau"	0	0	0	0	0	0	0	0	0	1	0	0	0	0	0	0	0	0	0	0	
"Timor-Leste"	0	5	21	0	0	0	1	0	0	0	0	1	0	0	0	0	0	0	0	0	
