Importers	Exported value in 2014-M06	Exported value in 2014-M07	Exported value in 2014-M08	Exported value in 2014-M09	Exported value in 2014-M10	Exported value in 2014-M11	Exported value in 2014-M12	Exported value in 2015-M01	Exported value in 2015-M02	Exported value in 2015-M03	Exported value in 2015-M04	Exported value in 2015-M05	Exported value in 2015-M06	Exported value in 2015-M07	Exported value in 2015-M08	Exported value in 2015-M09	Exported value in 2015-M10	Exported value in 2015-M11	Exported value in 2015-M12	Exported value in 2016-M01	
"World"	19831	17755	17489	19780	17954	15346	16501	12900	13969	15423	15917	13879	19674	14244	15106	15704	17703	14212	15337	9857	
"United Kingdom"	3377	3367	4466	5156	4158	4079	3654	2930	2659	2413	2688	2021	3748	1684	2603	3962	3267	2710	2743	2027	
"Sweden"	682	818	1130	979	1479	1364	784	479	518	401	920	709	692	970	891	605	1059	749	1547	864	
"France"	2082	2023	1712	1764	2022	2029	2017	1287	1341	1548	1891	1966	2833	2047	2293	1912	2725	2119	1155	718	
"Germany"	1542	2172	1828	1897	1788	1225	1460	1079	1836	1268	1295	1260	1250	1633	1411	1404	1629	1351	1209	717	
"United States of America"	1978	1665	1343	2517	1101	748	1468	815	1803	2389	1671	1143	1905	1537	1104	1287	1844	1247	1927	649	
"Spain"	602	661	413	733	601	642	626	791	305	637	705	534	504	335	366	579	332	449	436	475	
"Iran, Islamic Republic of"	475	159	236	307	131	315	43	376	106	393	152	53	171	89	153	23	54	405	291	365	
"Italy"	972	644	306	746	590	409	562	442	494	542	484	372	566	337	304	480	671	411	404	320	
"Egypt"	1914	1172	1467	1246	987	270	846	817	1131	1058	1270	1121	2224	1074	1085	910	470	311	879	318	
"United Arab Emirates"	325	401	406	362	391	116	315	155	151	149	210	129	279	183	211	107	304	358	213	275	
"Israel"	1090	523	367	419	490	780	809	432	638	646	623	802	863	540	954	980	621	834	968	211	
"Denmark"	199	194	161	113	135	197	239	106	117	204	96	231	163	221	109	153	142	172	213	197	
"Iraq"	188	188	246	216	286	184	284	203	274	135	140	343	391	306	278	345	590	129	275	174	
"Kuwait"	182	258	31	3	144	18	88	326	145	46	137	60	189	100	56	8	31	61	78	159	
"Netherlands"	67	55	50	76	55	39	60	112	147	58	58	65	70	55	67	54	37	82	63	141	
"Portugal"	173	170	170	179	132	140	141	122	64	123	143	134	151	106	109	108	151	70	107	139	
"Free Zones"	1	28	4	137	39	112	1	0	25	0	9	7	33	53	53	136	176	74	249	128	
"Belgium"	405	300	172	211	86	144	475	85	207	372	213	182	243	178	124	125	151	103	400	117	
"Switzerland"	64	29	27	32	14	11	2	84	50	92	19	41	60	100	54	25	76	42	30	113	
"Slovenia"	39	119	169	102	284	125	63	83	66	94	50	39	73	85	143	143	212	192	62	112	
"Poland"	90	244	207	199	112	194	156	259	185	69	216	115	240	185	172	133	386	221	165	112	
"Romania"	161	126	118	196	187	221	156	81	46	61	20	107	83	148	122	136	167	126	194	111	
"Austria"	281	190	356	258	225	81	235	239	181	242	255	290	231	113	251	121	273	108	101	86	
"New Zealand"	0	10	0	10	19	8	2	9	2	8	3	38	0	0	0	0	49	5	8	84	
"Czech Republic"	39	49	83	103	124	281	72	66	51	96	109	86	20	6	34	30	156	66	54	80	
"Algeria"	158	125	26	0	81	2	0	55	67	136	82	146	16	45	43	6	106	17	18	72	
"Jordan"	143	214	111	145	37	50	74	358	16	76	767	119	567	344	106	137	26	92	0	70	
"Qatar"	29	31	13	0	102	0	13	0	21	37	13	64	0	24	10	0	1	3	0	70	
"Paraguay"	0	1	0	0	0	0	37	0	0	0	0	0	0	0	0	0	0	29	0	69	
"Croatia"	112	77	91	87	117	57	41	41	22	46	0	20	15	82	25	102	84	59	63	63	
"Morocco"	63	38	24	28	31	64	19	0	26	9	174	192	36	99	59	20	32	71	37	62	
"Bulgaria"	155	150	54	117	92	76	76	44	77	27	21	45	55	157	68	69	52	123	54	59	
"Ireland"	71	88	63	136	148	62	44	30	77	82	20	32	175	25	83	74	70	53	120	59	
"Mali"	34	44	0	0	0	46	42	20	0	75	16	17	36	0	21	0	17	20	0	54	
"Australia"	8	4	19	28	46	22	81	34	0	43	105	90	42	13	33	14	119	56	81	54	
"Kazakhstan"	24	5	36	7	8	56	5	72	4	13	86	20	27	5	4	101	58	12	13	50	
"Rwanda"	0	0	0	0	0	0	0	0	0	0	0	0	0	2	0	0	0	0	3	45	
"Slovakia"	5	15	27	48	90	74	38	77	24	44	17	34	19	58	63	20	102	84	35	36	
"Kenya"	0	0	0	13	15	0	5	0	0	3	6	0	35	0	0	0	0	0	0	33	
"Bahrain"	19	12	10	56	22	13	0	63	0	13	0	106	108	12	14	7	0	9	18	33	
"Tunisia"	19	0	147	0	0	0	24	0	25	17	4	11	50	57	38	93	32	9	22	32	
"Ukraine"	376	249	263	193	221	46	92	45	217	228	53	91	120	188	490	108	329	143	140	25	
"Turkmenistan"	91	97	62	41	70	46	9	11	60	155	124	40	42	41	7	43	14	25	1	24	
"Greece"	75	50	30	6	46	7	29	62	26	36	78	20	29	4	1	41	34	29	8	24	
"Finland"	77	42	30	37	7	0	55	45	11	0	48	64	27	0	22	12	24	10	10	23	
"Senegal"	107	100	94	132	75	120	41	28	12	17	63	37	185	117	116	35	92	49	0	23	
"Malta"	36	15	7	17	6	5	34	11	3	33	11	12	7	24	27	21	10	42	7	19	
"Saudi Arabia"	18	18	0	1	19	7	0	29	0	52	92	3	96	210	26	11	20	70	98	18	
"Hungary"	104	47	49	96	179	139	26	41	77	82	19	54	107	78	71	25	61	65	52	17	
"Serbia"	36	15	106	95	86	31	85	45	33	53	40	36	31	72	104	64	106	41	47	15	
"Côte d'Ivoire"	0	32	0	3	0	38	14	18	16	0	47	0	1	28	13	132	17	22	33	14	
"Lithuania"	36	14	17	30	45	37	32	20	38	10	9	6	0	0	51	43	37	29	26	14	
"Mauritius"	0	0	0	0	2	1	11	0	0	0	1	5	0	0	5	0	6	2	0	13	
"Syrian Arab Republic"	4	0	0	0	25	9	16	15	25	13	2	0	0	0	0	8	0	0	0	11	
"Macedonia, The Former Yugoslav Republic of"	15	33	26	19	21	14	26	5	7	4	9	33	26	19	25	15	39	32	22	10	
"Lebanon"	65	33	101	28	81	85	64	0	33	6	81	86	84	49	48	50	78	21	52	10	
"Guinea"	0	0	0	0	0	0	0	0	0	9	4	0	0	3	0	1	0	1	7	10	
"Cyprus"	115	11	18	32	62	18	62	7	0	42	129	33	56	7	17	59	63	23	64	8	
"Uzbekistan"	32	43	49	12	29	15	0	14	3	1	29	0	12	3	5	0	0	3	80	8	
"India"	50	6	25	23	3	10	65	20	27	11	1	12	31	15	8	2	0	7	23	4	
"Singapore"	0	17	4	8	0	3	18	4	0	1	5	3	0	3	1	1	2	2	0	3	
"Tanzania, United Republic of"	0	0	0	1	0	0	0	0	0	0	9	4	0	0	0	0	0	1	0	3	
"Azerbaijan"	12	35	9	31	149	31	8	113	102	116	86	29	32	21	10	105	61	17	1	3	
"Sri Lanka"	0	0	0	0	0	0	0	1	0	0	0	0	0	0	4	0	0	0	0	2	
"Georgia"	65	9	46	24	3	50	80	3	277	357	36	22	220	47	43	25	75	53	60	1	
"Burkina Faso"	0	0	0	0	0	0	0	0	0	0	0	0	9	0	0	0	3	0	2	1	
"Thailand"	0	0	0	0	0	0	0	0	0	0	0	0	0	0	0	0	0	0	0	1	
"Togo"	0	36	8	3	12	0	3	0	0	2	0	0	0	1	0	0	0	0	0	0	
"Sudan (before 2012)"	0	0	0	0	0	0	0	0	17	0	1	0	0	16	0	0	0	21	19	0	
"Uruguay"	0	0	4	0	0	5	0	0	0	6	0	0	0	0	0	1	1	2	0	0	
"Yemen"	0	0	0	0	0	0	0	0	0	2	0	0	0	0	0	0	0	0	0	0	
"Zambia"	0	0	0	0	0	0	0	0	0	0	0	0	0	0	0	0	0	2	0	0	
"Seychelles"	0	0	0	0	0	1	0	0	0	0	0	0	0	0	0	0	0	0	0	0	
"Saint Lucia"	0	0	0	0	0	0	0	0	0	0	0	0	4	0	0	0	0	0	0	0	
"Saint Vincent and the Grenadines"	0	0	0	0	0	0	0	0	0	0	0	4	0	0	0	0	0	1	0	0	
"Russian Federation"	212	186	206	180	140	103	102	110	3	35	46	11	48	38	24	44	87	63	0	0	
"Tajikistan"	0	0	0	0	4	4	0	0	0	0	0	0	0	0	0	0	1	0	0	0	
"Viet Nam"	0	0	0	0	0	0	0	0	0	0	0	0	0	2	0	0	0	0	0	0	
"Somalia"	0	0	0	0	0	0	0	3	0	0	0	0	0	0	0	0	0	0	0	0	
"South Africa"	21	0	0	31	0	0	1	29	0	0	0	9	9	9	21	37	19	9	0	0	
"Mozambique"	0	0	0	0	4	0	0	0	0	0	0	0	0	1	0	0	0	0	0	0	
"Oman"	15	20	29	4	17	11	2	14	18	0	3	0	0	12	3	49	24	16	11	0	
"Nepal"	0	0	0	0	0	0	1	0	0	0	0	0	0	0	0	0	0	0	0	0	
"Niger"	0	0	0	0	0	0	0	0	1	0	0	0	0	22	0	0	0	0	0	0	
"Nigeria"	0	0	0	0	1	0	0	2	0	0	0	0	5	0	4	0	0	0	7	0	
"Pakistan"	0	0	0	24	0	0	0	10	5	0	0	0	0	4	0	0	4	0	1	0	
"Peru"	0	0	0	0	0	16	0	0	0	0	0	0	2	0	0	0	0	0	3	0	
"Philippines"	0	0	0	0	0	0	0	0	0	0	0	1	58	0	0	0	0	0	0	0	
"New Caledonia"	0	0	0	0	0	0	0	0	0	0	3	0	0	2	0	0	0	2	2	0	
"Guinea-Bissau"	0	0	0	0	0	0	0	0	0	0	0	0	1	0	0	6	0	1	0	0	
"Palestine, State of"	1	0	0	0	0	0	0	0	0	0	4	0	0	0	0	0	0	0	0	0	
"Djibouti"	0	0	0	0	0	0	0	0	0	0	0	1	0	0	1	0	0	0	4	0	
"Gabon"	24	5	24	0	0	22	0	0	0	0	0	0	12	0	0	0	0	26	0	0	
"Benin"	0	23	23	0	0	0	36	0	0	8	0	32	0	19	0	0	65	23	46	0	
"Bosnia and Herzegovina"	9	11	20	45	13	14	29	3	15	12	14	6	8	37	32	14	28	26	37	0	
"Ecuador"	0	0	0	0	0	0	5	0	0	0	0	0	0	0	0	0	0	0	0	0	
"Equatorial Guinea"	0	0	1	0	0	12	0	0	0	0	0	0	0	0	0	0	0	0	0	0	
"Ethiopia"	0	0	0	0	0	0	2	11	0	0	0	0	13	0	0	3	3	0	0	0	
"Estonia"	16	21	4	0	4	0	2	0	1	2	22	13	12	6	2	5	16	21	6	0	
"Chile"	9	0	0	0	0	0	8	0	8	0	0	0	0	0	0	21	10	0	20	0	
"China"	0	0	0	0	0	33	0	1	0	0	0	0	0	4	0	2	1	5	0	0	
"Congo"	0	0	10	0	0	0	11	0	0	0	0	16	0	0	0	0	0	0	0	0	
"Congo, Democratic Republic of the"	0	0	0	0	0	0	0	0	0	0	3	0	0	0	0	0	0	0	0	0	
"Costa Rica"	0	0	0	0	0	0	0	0	0	0	0	0	0	0	2	0	0	0	0	0	
"Belarus"	0	0	0	0	0	39	0	0	0	0	0	0	0	0	0	0	0	0	0	0	
"Cameroon"	7	0	0	3	0	0	17	0	0	9	0	5	2	9	0	0	0	0	0	0	
"Canada"	118	115	15	0	204	53	202	0	0	408	124	141	164	85	200	233	80	174	115	0	
"Argentina"	49	0	0	0	0	0	0	0	0	0	0	0	0	0	0	0	0	32	0	0	
"Bangladesh"	0	0	4	0	0	0	0	0	0	0	0	0	4	0	0	0	4	10	0	0	
"Angola"	0	0	0	0	2	6	7	0	0	0	0	0	0	0	0	0	0	0	0	0	
"Antigua and Barbuda"	0	0	0	0	0	0	0	2	0	0	0	0	0	0	0	0	0	0	0	0	
"Afghanistan"	0	0	0	0	0	0	10	0	0	0	0	0	0	0	0	0	0	0	0	0	
"Albania"	66	0	0	0	0	0	0	0	1	0	0	1	1	0	0	0	0	0	0	0	
"Guyana"	0	0	3	7	0	0	0	0	0	0	14	0	0	0	4	0	0	0	0	0	
"Hong Kong, China"	57	4	44	0	0	0	0	0	0	0	0	3	0	0	0	1	3	0	0	0	
"Indonesia"	0	0	34	0	0	0	31	0	0	0	0	0	0	0	0	0	0	0	33	0	
"Ghana"	0	0	0	0	1	0	0	0	0	0	14	27	0	8	0	0	0	0	3	0	
"Korea, Republic of"	0	0	0	0	0	0	0	0	0	0	3	0	0	0	0	0	0	0	0	0	
"Latvia"	5	0	5	0	0	0	0	0	0	0	0	0	0	0	0	0	0	0	0	0	
"Liberia"	1	0	0	0	0	0	0	0	0	0	0	0	0	5	4	0	0	0	11	0	
"Libya, State of"	127	85	7	6	33	43	145	6	7	21	0	166	41	20	188	59	1	28	16	0	
"Luxembourg"	0	0	0	0	0	0	35	0	0	0	0	0	0	0	0	0	0	0	30	0	
"Madagascar"	0	0	3	0	0	0	0	0	0	0	0	8	0	0	0	0	0	0	0	0	
"Malaysia"	7	0	0	0	8	0	8	0	0	1	3	0	0	0	0	0	0	0	0	0	
"Maldives"	0	0	0	3	0	0	0	0	0	0	0	101	0	0	0	0	0	0	0	0	
"Taipei, Chinese"	0	0	0	0	0	0	0	0	0	0	0	0	0	0	0	0	0	26	1	0	
"Mongolia"	1	1	0	0	1	0	1	1	0	1	0	0	0	0	0	0	0	0	0	0	
"Moldova, Republic of"	0	7	8	18	13	11	0	0	22	2	0	0	7	9	12	0	6	3	7	0	
"Montenegro"	0	3	7	0	3	1	2	1	0	0	0	0	2	0	2	0	3	0	0	0	
"Mauritania"	2	0	0	0	0	0	19	0	0	0	0	0	0	0	2	17	0	1	0	0	
"Kyrgyzstan"	1	0	4	2	1	4	0	1	0	28	0	0	1	1	0	0	4	0	0	0	
