Importers	Exported value in 2016-M01	Exported value in 2016-M02	Exported value in 2016-M03	Exported value in 2016-M04	Exported value in 2016-M05	Exported value in 2016-M06	Exported value in 2016-M07	Exported value in 2016-M08	Exported value in 2016-M09	Exported value in 2016-M10	Exported value in 2016-M11	Exported value in 2016-M12	Exported value in 2017-M01	Exported value in 2017-M02	Exported value in 2017-M03	Exported value in 2017-M04	Exported value in 2017-M05	Exported value in 2017-M06	Exported value in 2017-M07	Exported value in 2017-M08	
"World"	37385	70974	79212	85003	84843	99539	67001	93711	69114	69627	61826	66666	40694	58612	75367	69554	88383	89084	85128	101747	
"United Kingdom"	7440	9601	9244	9243	11577	11138	6276	13450	9977	10952	10677	8971	6554	7754	6264	6228	8058	10765	8186	14531	
"Germany"	5951	14349	15669	13671	9661	9549	6754	10792	12451	9359	6050	6439	7658	9207	9220	8826	12734	8682	9178	13066	
"Italy"	2626	5751	8053	8240	8035	7552	4576	6546	4866	5982	4017	3510	4559	6021	5400	5189	6806	7589	8947	11142	
"France"	2448	5073	5552	4708	6933	7890	4489	8237	3958	3843	3562	3875	2723	3097	4583	5392	5890	7012	6235	5684	
"Israel"	680	2887	3002	3119	3900	3066	3800	4333	2223	2705	2909	4275	639	2660	4582	2582	4974	2071	3167	5486	
"Spain"	1935	3879	3878	6838	6316	6411	4625	3660	3118	2462	2033	2418	976	3008	4391	6255	4781	6232	5653	5359	
"Morocco"	447	2290	2834	4434	2798	6944	3842	3597	1023	599	676	1359	799	913	3504	2578	5962	3866	3817	4699	
"United States of America"	2467	3831	4201	6460	4582	6562	2850	4565	4133	5774	5627	4611	2726	3852	5424	4455	4612	6670	3273	3577	
"Algeria"	1363	2694	2078	3257	742	4696	4213	2444	3164	1454	2761	3916	4	1118	2217	2745	2021	5068	4383	3047	
"Greece"	575	983	1372	1146	1970	2193	1983	2397	1566	1105	859	896	516	1382	1997	1078	1716	1584	2261	2901	
"Sweden"	1484	1613	2180	1498	3262	2898	1828	3168	1734	2028	2174	2411	707	1688	2366	1673	2228	1583	1949	2678	
"Iraq"	23	1863	1254	2341	2542	3052	2430	4540	1422	974	1246	1033	848	1822	1931	2327	3154	2168	2915	2508	
"Romania"	511	645	1686	1143	1387	1834	1485	2255	1461	2333	1178	815	367	586	1206	708	1407	1711	2445	2015	
"Egypt"	650	419	36	46	0	297	83	250	2	1243	811	2709	1120	918	1399	539	267	599	497	1858	
"China"	347	839	615	678	868	2098	1167	1450	144	509	99	673	335	701	1941	1547	977	2698	1220	1851	
"Poland"	515	1569	2351	1626	1628	3852	2299	3226	2374	2416	2481	2773	793	1755	2143	1562	2606	2586	2277	1715	
"Netherlands"	666	1663	1174	1256	1356	1161	800	1724	1076	1235	1247	1423	479	847	827	553	1275	1269	1811	1283	
"Iran, Islamic Republic of"	52	377	472	674	1244	1994	1478	1777	1026	1151	1049	1094	2716	458	758	1850	1370	923	544	1173	
"Argentina"	727	444	1026	964	77	233	34	228	42	3	0	7	1	218	111	270	762	123	561	989	
"Portugal"	351	491	625	558	553	934	615	617	599	752	391	440	179	559	532	516	453	720	974	952	
"Canada"	238	919	1097	533	558	444	263	1125	515	966	856	1252	492	790	874	984	672	582	1039	904	
"Ukraine"	36	45	469	437	600	1141	871	812	597	788	509	317	271	1026	1001	997	634	736	963	860	
"Serbia"	91	185	316	486	296	418	471	542	249	284	339	410	179	176	322	260	474	465	407	791	
"Georgia"	89	89	210	153	285	611	499	552	315	284	312	310	242	102	295	129	541	654	447	746	
"United Arab Emirates"	206	518	566	945	360	245	125	571	573	646	486	236	69	669	1050	422	1270	850	739	721	
"Belgium"	252	307	369	404	321	217	138	325	274	361	404	277	303	49	167	376	290	441	296	710	
"Bulgaria"	217	298	258	498	626	726	551	545	426	412	308	294	129	198	358	449	433	662	517	637	
"Czech Republic"	204	263	213	52	258	294	156	199	197	369	300	384	181	322	404	117	341	263	296	635	
"Denmark"	179	365	412	243	447	398	292	592	263	355	457	363	167	373	621	269	402	591	322	623	
"Ethiopia"	65	302	148	230	108	329	158	452	386	1	446	32	0	0	330	312	374	590	491	614	
"Azerbaijan"	32	50	330	133	133	74	209	506	254	400	227	465	118	300	252	250	331	417	447	563	
"India"	75	71	230	86	355	210	238	199	199	56	139	194	179	269	628	133	222	323	373	548	
"Tunisia"	42	184	985	1078	652	1407	338	838	1046	461	528	346	410	574	1827	404	814	1092	323	485	
"Cyprus"	110	297	200	257	281	145	92	276	321	539	572	615	231	335	128	205	258	480	206	347	
"Croatia"	106	215	266	220	766	342	382	503	214	297	332	247	287	174	309	140	519	397	791	322	
"Russian Federation"	0	50	0	83	29	148	136	140	123	96	405	255	37	104	74	151	269	192	174	313	
"Australia"	780	532	514	287	434	666	366	1012	1956	885	275	686	512	188	431	314	530	1200	780	309	
"Pakistan"	0	0	0	11	13	1	29	30	39	1	1	4	0	3	2	10	0	0	8	295	
"Macedonia, The Former Yugoslav Republic of"	46	103	89	139	203	167	318	259	95	155	192	235	89	111	146	135	40	222	238	288	
"Ireland"	201	124	150	143	126	135	203	194	279	207	123	353	80	50	159	91	96	72	174	285	
"Austria"	78	185	153	248	329	242	209	198	254	439	218	191	127	186	224	107	433	230	174	263	
"Saudi Arabia"	0	499	11	475	808	17	369	2	5	0	146	19	0	341	206	716	296	15	684	202	
"Hungary"	145	190	300	253	360	662	214	286	345	426	289	109	71	105	134	275	320	391	231	197	
"Bosnia and Herzegovina"	16	52	68	67	55	119	89	92	142	73	75	82	44	49	127	117	134	156	152	193	
"Free Zones"	217	135	641	1424	263	114	467	566	356	707	819	667	186	216	164	50	215	136	226	191	
"Slovenia"	54	70	114	28	130	138	108	115	178	61	49	37	72	131	148	127	190	223	172	188	
"Jordan"	256	517	204	1485	617	2037	818	407	207	436	178	1117	143	903	1080	1433	2104	880	120	165	
"Syrian Arab Republic"	38	5	40	3	0	4	8	0	0	0	0	0	7	7	49	178	154	145	174	161	
"New Zealand"	163	120	92	29	56	96	36	115	255	155	81	195	77	15	97	42	117	27	52	139	
"Finland"	0	181	33	64	211	147	115	100	114	105	149	106	47	82	149	221	89	99	102	135	
"Senegal"	5	80	64	137	0	249	144	93	102	88	139	114	52	89	3	24	93	201	110	133	
"Switzerland"	67	43	292	74	232	160	53	41	96	61	111	56	51	131	72	121	80	51	57	119	
"Yemen"	0	59	211	81	116	387	0	36	160	131	0	20	0	173	517	0	0	326	230	114	
"Turkmenistan"	7	369	281	276	281	601	272	259	149	100	182	186	59	275	406	174	340	202	281	110	
"Albania"	57	5	27	165	82	94	92	96	38	129	133	47	0	29	8	96	21	131	208	95	
"Kuwait"	42	102	113	35	163	86	0	134	88	95	100	44	22	165	118	131	50	71	101	90	
"Lebanon"	33	111	247	247	688	125	852	133	451	322	283	696	64	126	169	369	584	230	446	90	
"Malta"	50	94	114	34	72	74	34	117	44	98	94	90	37	63	28	86	55	77	35	88	
"Uruguay"	26	0	39	45	33	15	18	60	32	9	66	19	22	0	11	3	82	130	0	85	
"Viet Nam"	2	27	25	2	0	0	0	45	0	178	10	0	0	4	0	77	1	11	39	85	
"Gabon"	0	5	20	37	0	0	16	32	29	119	16	63	0	0	11	9	0	0	151	84	
"South Africa"	44	68	203	203	48	167	184	121	173	146	121	188	118	119	136	17	199	112	15	82	
"Uzbekistan"	0	65	0	68	47	34	38	13	28	0	0	3	0	21	0	1	4	4	1	82	
"Singapore"	55	127	40	8	222	50	28	22	79	70	53	172	157	92	233	218	189	4	101	78	
"Estonia"	0	7	3	0	16	18	7	19	4	6	7	1	4	28	0	0	38	0	14	74	
"Gambia"	0	0	0	0	0	0	0	0	0	0	0	0	0	0	0	0	15	0	29	67	
"Mexico"	45	0	0	0	0	0	0	0	0	0	0	2	0	0	0	14	0	0	0	61	
"Paraguay"	0	0	0	0	0	0	0	0	0	60	37	1	0	0	0	28	43	0	0	59	
"Hong Kong, China"	3	19	4	76	1	37	13	24	0	39	37	18	16	32	21	15	55	50	0	57	
"Kenya"	0	7	8	0	0	1	89	0	0	5	0	0	10	8	0	7	12	45	6	55	
"Kazakhstan"	0	38	84	46	31	135	4	0	49	79	50	11	2	19	30	0	85	39	95	52	
"Philippines"	0	6	87	4	12	0	0	0	0	0	0	7	0	0	1	46	36	14	1	42	
"Malaysia"	11	8	56	87	110	98	73	68	9	0	59	125	69	159	68	43	24	3	1	41	
"Guyana"	0	8	9	42	0	0	0	0	0	58	0	0	15	0	11	0	17	0	0	36	
"Saint Vincent and the Grenadines"	0	21	20	25	0	0	0	28	0	0	17	0	0	0	25	0	0	0	0	34	
"Benin"	6	12	14	0	59	52	8	0	13	31	31	22	0	13	0	0	0	0	21	33	
"Djibouti"	0	0	53	0	26	6	44	0	0	42	21	0	116	0	0	0	0	0	0	30	
"Mauritania"	0	0	0	0	14	7	0	0	0	49	11	29	0	0	10	29	1	44	0	30	
"Moldova, Republic of"	0	33	14	0	0	29	5	9	52	27	44	8	7	0	62	90	81	57	1	29	
"Guinea"	0	7	38	59	23	50	13	30	105	11	24	30	0	0	0	23	0	1	23	26	
"Tajikistan"	0	25	13	5	20	34	15	0	14	14	59	11	24	20	21	10	0	15	0	25	
"Montenegro"	0	3	19	25	69	17	29	35	10	12	1	3	17	7	29	61	34	40	28	24	
"Mauritius"	0	13	65	0	28	0	22	0	0	10	78	28	9	38	27	29	0	0	32	23	
"Tanzania, United Republic of"	0	0	0	0	30	0	0	0	0	0	9	0	0	0	6	0	0	0	0	22	
"Kyrgyzstan"	0	0	13	0	0	15	0	12	0	26	23	0	17	19	14	0	0	13	0	19	
"Ghana"	13	55	33	20	72	51	0	148	25	36	19	64	28	33	16	121	13	38	25	18	
"Dominican Republic"	0	0	0	9	17	0	0	0	0	0	0	0	0	0	0	0	0	0	0	18	
"Sri Lanka"	144	11	33	21	0	0	5	4	21	36	29	0	0	9	11	0	34	0	0	17	
"Fiji"	0	0	0	0	0	0	0	0	0	0	0	0	0	0	0	0	0	0	0	17	
"Côte d'Ivoire"	44	43	0	98	67	0	17	15	22	20	26	42	0	12	42	18	16	34	134	15	
"Togo"	0	0	20	6	0	0	2	15	9	0	27	0	0	0	0	0	18	7	49	15	
"Maldives"	0	0	0	0	3	0	0	9	0	11	0	1	0	12	4	6	0	28	8	14	
"Qatar"	5	29	143	36	71	30	64	15	48	21	54	14	16	5	39	0	0	76	4	14	
"Brunei Darussalam"	0	0	0	0	0	0	0	0	0	0	0	0	0	16	0	0	5	6	5	13	
"Bahrain"	9	24	61	43	183	91	0	53	21	19	31	5	0	0	27	13	70	71	148	13	
"Cameroon"	0	19	0	35	10	0	0	0	8	0	17	18	0	0	18	15	0	0	22	12	
"Thailand"	70	70	47	13	21	6	40	31	25	45	37	79	63	110	160	56	7	2	49	11	
"Slovakia"	36	55	28	15	73	4	57	185	139	83	149	65	124	91	161	96	38	98	238	11	
"Sudan"	0	0	0	0	0	0	0	0	0	0	0	0	0	0	0	15	1	54	85	8	
"Mozambique"	0	0	0	4	0	0	0	0	0	1	0	0	6	0	15	1	0	0	0	7	
"Oman"	0	0	0	0	22	0	20	0	28	0	24	0	0	43	0	0	0	11	25	7	
"Norway"	0	1	26	2	51	0	0	0	46	0	19	0	0	0	11	2	2	1	0	5	
"Afghanistan"	16	0	0	0	8	0	13	0	0	0	0	0	0	0	2	0	310	2	0	5	
"Latvia"	0	7	0	0	5	15	5	0	10	0	0	0	0	0	0	0	9	0	5	5	
"Lithuania"	38	19	2	52	46	18	6	29	42	50	41	44	19	19	40	36	11	22	20	3	
"Nigeria"	6	15	4	0	0	0	1	0	0	0	0	0	3	0	12	0	21	25	1	3	
"Somalia"	0	0	20	21	1	1	0	6	0	0	0	0	0	0	0	0	8	7	0	1	
"Burkina Faso"	0	0	18	0	0	14	0	0	0	0	25	0	10	8	0	2	18	28	0	1	
"Venezuela, Bolivarian Republic of"	0	144	0	0	0	0	0	0	0	0	0	0	0	0	0	0	0	0	0	0	
"Wallis and Futuna Islands"	0	0	0	16	0	0	0	0	0	0	0	0	0	0	0	0	17	0	0	0	
"Uganda"	0	0	0	0	0	0	0	0	0	0	0	0	0	0	1	4	0	0	0	0	
"Sierra Leone"	0	0	0	0	0	0	0	0	0	0	0	0	0	0	0	0	0	0	18	0	
"Sudan (before 2012)"	0	35	47	20	40	32	23	36	50	37	17	0	0	0	70	0	0	0	0	0	
"Niger"	0	0	0	0	0	0	0	0	1	0	0	0	0	0	1	0	0	0	0	0	
"Peru"	14	0	15	0	15	15	0	28	0	14	8	12	11	0	0	0	0	15	45	0	
"Guinea-Bissau"	0	0	0	0	0	9	0	0	0	0	0	13	0	0	0	0	0	0	23	0	
"Rwanda"	0	0	0	0	0	0	0	0	0	0	0	17	0	0	0	4	0	0	0	0	
"Saint Lucia"	0	0	0	0	0	0	0	0	0	0	0	11	0	0	0	0	0	0	0	0	
"Nepal"	3	4	10	0	3	12	4	0	0	0	0	0	9	5	9	0	6	0	0	0	
"Netherlands Antilles"	0	0	0	13	6	0	0	0	0	0	0	0	0	0	0	0	0	0	0	0	
"Aruba"	0	0	0	0	0	0	0	0	0	0	0	3	0	0	0	0	0	0	0	0	
"New Caledonia"	0	8	0	0	0	18	0	0	11	0	25	9	13	0	21	0	36	11	15	0	
"Mali"	0	13	0	0	0	0	0	0	0	0	10	23	13	0	18	1	2	0	2	0	
"Taipei, Chinese"	0	0	23	0	0	0	0	0	0	12	0	0	0	0	0	0	0	0	0	0	
"Mongolia"	0	35	24	43	0	6	31	67	28	0	94	109	0	0	0	0	0	0	0	0	
"Liberia"	0	0	0	0	0	6	0	0	0	0	2	0	0	0	7	0	0	0	0	0	
"Libya, State of"	1178	775	680	260	2322	607	347	639	239	176	52	203	0	180	0	765	595	24	691	0	
"Korea, Republic of"	0	0	8	0	1	0	0	0	0	0	0	1	0	0	0	0	0	1	0	0	
"Japan"	0	0	0	0	0	0	0	0	0	0	0	0	0	0	0	0	0	0	0	0	
"Palestine, State of"	0	0	0	0	0	0	0	0	0	0	0	0	0	0	13	0	0	0	0	0	
"Iceland"	0	0	0	0	15	0	0	0	29	0	1	0	0	0	20	0	0	0	0	0	
"Bangladesh"	73	22	0	52	190	0	404	7	0	18	7	342	0	0	0	270	369	86	5	0	
"Myanmar"	0	0	0	6	0	0	19	0	7	12	0	16	2	14	42	3	0	0	0	0	
"Belarus"	0	0	0	0	0	0	0	0	0	0	0	0	0	0	0	0	0	80	0	0	
"Brazil"	0	0	0	0	0	0	0	0	0	0	0	0	0	0	0	0	0	1	0	0	
"Bolivia, Plurinational State of"	36	0	14	23	14	0	0	0	43	134	88	105	0	0	0	0	0	0	39	0	
"Ecuador"	0	0	0	0	0	0	0	47	0	0	0	0	0	0	0	94	0	0	0	0	
"Equatorial Guinea"	0	0	0	0	0	0	0	0	0	0	0	0	0	0	21	0	0	0	0	0	
"Chile"	0	23	0	23	24	0	0	142	0	0	130	2	37	1	0	24	23	23	0	0	
"Cabo Verde"	29	0	0	0	30	0	0	0	0	0	0	28	0	0	0	0	0	0	0	0	
"Central African Republic"	0	0	0	0	0	0	0	0	0	27	0	0	0	0	0	0	0	0	0	0	
"Colombia"	19	76	0	0	0	0	0	0	0	0	0	0	0	0	0	0	0	0	0	0	
"Congo"	0	0	0	0	0	15	0	0	0	11	13	0	0	13	0	0	1	13	6	0	
"Congo, Democratic Republic of the"	8	0	0	0	0	0	0	0	0	0	0	0	0	0	0	0	0	0	30	0	
