Importers	Exported value in 2014-M06	Exported value in 2014-M07	Exported value in 2014-M08	Exported value in 2014-M09	Exported value in 2014-M10	Exported value in 2014-M11	Exported value in 2014-M12	Exported value in 2015-M01	Exported value in 2015-M02	Exported value in 2015-M03	Exported value in 2015-M04	Exported value in 2015-M05	Exported value in 2015-M06	Exported value in 2015-M07	Exported value in 2015-M08	Exported value in 2015-M09	Exported value in 2015-M10	Exported value in 2015-M11	Exported value in 2015-M12	Exported value in 2016-M01	
"World"	31824	27928	19506	21641	20149	19022	19348	14964	21193	24516	26544	21150	21854	19924	15795	16207	16096	14746	18954	13935	
"United Kingdom"	3084	5072	4303	4178	2484	3071	1495	1162	1485	1346	1854	1019	1920	2603	2647	4105	2589	1356	753	1310	
"France"	1367	717	705	609	441	951	208	400	1034	1764	902	504	1659	745	1380	558	263	284	447	848	
"Bangladesh"	19	19	32	19	1671	514	1383	48	529	186	168	0	39	3	34	50	12	404	199	768	
"Morocco"	484	185	240	291	4	204	174	372	537	377	317	372	264	105	121	98	128	8	754	748	
"Israel"	822	465	340	390	308	552	1070	326	298	200	438	413	698	621	481	296	346	244	553	734	
"Netherlands"	814	1075	1431	1677	1510	1696	722	591	1340	610	715	828	533	654	1047	1006	471	773	538	681	
"United Arab Emirates"	424	428	54	315	442	148	180	140	488	209	295	1013	227	166	632	120	376	119	377	559	
"Saudi Arabia"	824	545	351	921	1443	605	444	506	1029	1486	1612	1209	1031	753	663	631	721	494	1757	547	
"Italy"	864	982	173	173	110	179	117	287	168	809	863	1063	833	838	78	421	436	191	241	503	
"Iraq"	920	1003	677	1118	1058	323	1269	721	922	1350	1538	1172	1044	722	587	371	726	315	470	495	
"Germany"	1011	771	811	1066	623	614	705	761	1412	873	844	943	855	1550	1116	420	478	632	403	490	
"Norway"	386	385	272	305	226	666	29	575	117	224	69	313	190	307	198	91	20	70	184	388	
"Poland"	1171	68	432	951	595	407	836	1044	1979	1358	536	418	386	380	387	851	714	443	745	387	
"Jordan"	197	0	20	0	2	121	74	318	152	304	244	290	112	35	28	0	100	288	393	347	
"Serbia"	1336	153	24	121	35	0	30	933	154	249	558	297	72	123	65	12	65	265	126	314	
"United States of America"	333	269	430	534	444	1	487	96	96	28	234	81	123	129	72	188	239	120	241	297	
"Indonesia"	406	611	7	236	467	89	33	0	0	344	18	0	174	11	26	0	0	0	0	284	
"Belgium"	492	633	366	306	252	235	522	134	597	164	654	476	477	205	288	192	266	316	475	236	
"Turkmenistan"	610	267	816	266	78	123	318	264	114	427	742	523	813	305	216	20	372	69	42	216	
"Lebanon"	249	141	20	184	88	135	603	224	487	63	193	91	82	237	64	182	259	154	530	207	
"Spain"	252	218	313	209	229	215	133	125	59	322	185	443	386	300	276	307	90	131	17	195	
"Sweden"	281	317	120	101	245	602	4	116	457	516	186	223	350	55	14	127	41	8	554	193	
"Uzbekistan"	568	411	283	0	43	557	721	43	2	188	429	328	296	158	161	254	55	98	163	189	
"Czech Republic"	613	503	515	126	210	104	397	235	59	262	326	164	580	350	75	115	112	175	404	185	
"Paraguay"	0	0	67	458	510	0	112	0	2	0	0	0	0	41	0	0	0	192	0	184	
"Libya, State of"	375	143	6	14	115	271	83	180	51	200	89	231	44	743	75	112	103	28	52	182	
"Estonia"	12	0	0	0	0	0	3	0	60	74	0	6	0	0	0	0	3	2	0	154	
"Tunisia"	18	110	190	91	5	0	85	105	109	107	174	139	109	252	4	3	8	108	20	148	
"Algeria"	322	670	5	720	287	0	185	342	254	125	359	235	163	919	358	413	162	175	423	135	
"Iran, Islamic Republic of"	184	327	264	54	129	196	270	88	196	9	81	58	294	261	75	191	105	119	111	134	
"Hungary"	628	302	105	113	86	296	131	261	38	85	983	192	182	169	159	178	156	268	266	130	
"Kuwait"	15	256	115	28	59	120	140	221	16	37	76	60	38	119	112	514	281	235	211	129	
"Malaysia"	254	242	326	83	61	375	97	328	215	401	417	307	142	265	4	165	23	186	113	129	
"Denmark"	554	490	328	327	194	408	308	126	316	532	414	457	575	284	279	107	220	223	545	119	
"Qatar"	48	0	0	8	44	42	29	25	8	10	55	5	126	115	46	4	26	37	38	92	
"Korea, Republic of"	22	23	0	0	18	37	0	44	0	52	42	0	127	91	0	0	0	81	100	83	
"Azerbaijan"	1799	648	400	1201	1137	846	354	474	306	702	1551	1152	436	1011	372	301	229	312	166	82	
"Romania"	1164	697	481	535	138	403	124	507	1203	841	973	1271	583	29	228	121	342	920	598	78	
"Cyprus"	686	121	77	46	48	245	114	48	26	45	185	193	274	108	116	29	87	194	106	74	
"Bulgaria"	754	1148	1391	622	515	396	177	87	932	1232	646	436	390	635	269	338	533	338	8	72	
"Albania"	154	151	60	74	46	0	21	47	144	39	259	149	119	64	84	84	0	105	52	70	
"Bolivia, Plurinational State of"	0	0	0	0	0	0	0	0	0	0	0	0	0	54	0	0	0	0	0	64	
"Kazakhstan"	186	1807	17	105	7	141	474	317	748	646	1085	520	180	76	148	311	91	37	992	63	
"Georgia"	839	678	396	150	193	268	683	68	423	1108	925	354	651	565	425	351	615	329	206	63	
"Slovakia"	124	0	103	109	57	53	39	120	10	112	80	77	28	217	103	49	53	63	218	59	
"India"	2	2	2	0	0	0	8	0	0	1	1	14	0	11	1	105	3	0	15	57	
"Chile"	0	22	41	141	0	52	44	21	0	66	0	32	90	57	0	186	427	0	0	45	
"Rwanda"	0	43	0	0	0	2	0	0	0	0	0	0	0	0	0	0	0	0	8	41	
"Senegal"	0	0	0	10	26	0	0	0	0	0	57	0	27	18	29	0	7	68	0	38	
"Cambodia"	0	0	0	0	0	0	0	3	0	0	0	17	0	0	0	29	0	0	0	35	
"Lithuania"	33	0	0	0	0	0	0	0	0	0	44	43	73	1	0	0	0	0	0	35	
"Japan"	3	67	27	43	6	5	19	27	39	16	24	33	39	74	48	20	31	0	10	34	
"Switzerland"	19	215	242	209	124	46	120	79	126	104	21	154	122	35	133	70	140	10	87	33	
"Russian Federation"	2379	1127	229	567	1076	804	643	509	85	653	153	117	160	99	367	677	407	163	0	26	
"Kyrgyzstan"	157	318	8	25	133	118	124	0	0	539	100	25	268	1	0	0	0	42	24	26	
"Austria"	6	88	5	48	48	16	27	10	31	5	13	5	28	4	67	29	53	28	19	22	
"Uganda"	1	377	0	3	4	0	0	4	329	18	29	13	0	0	19	0	9	0	2	22	
"Sri Lanka"	0	251	8	0	42	0	265	18	0	0	0	0	239	1	34	0	58	4	18	17	
"Greece"	322	398	61	98	56	65	12	82	98	132	79	186	193	99	22	146	77	48	126	17	
"Kenya"	0	38	26	22	9	80	36	16	234	45	33	0	0	36	77	132	96	26	19	16	
"Tanzania, United Republic of"	0	41	0	13	0	2	28	9	1	0	27	25	5	0	14	0	30	16	0	14	
"Slovenia"	196	0	0	14	0	0	0	0	0	88	174	134	107	12	0	0	0	0	0	12	
"Macedonia, The Former Yugoslav Republic of"	114	97	62	0	15	2	10	1	34	96	363	159	150	62	34	0	29	7	69	9	
"Oman"	26	55	0	3	0	349	22	10	0	37	50	61	60	38	13	95	313	33	0	9	
"Ghana"	0	0	0	22	4	220	169	232	0	0	60	48	2	25	0	0	0	911	1030	8	
"Singapore"	0	19	0	116	1	0	31	3	0	9	36	20	21	22	21	27	20	73	31	7	
"Maldives"	1	0	0	0	0	0	0	2	0	2	0	0	0	0	0	0	4	2	0	6	
"Ukraine"	18	268	60	336	477	264	241	299	122	396	299	551	696	260	480	231	213	123	301	5	
"Montenegro"	56	4	0	21	0	0	55	92	17	39	36	63	44	0	0	0	0	8	0	4	
"Cameroon"	187	0	48	23	0	1	8	0	2	0	0	0	0	23	0	0	0	481	0	4	
"Canada"	0	0	0	0	0	0	17	0	0	12	0	0	2	0	0	0	7	0	0	4	
"Belarus"	20	0	0	0	0	12	0	0	0	0	0	0	1	0	6	0	7	0	0	4	
"Panama"	0	0	0	0	0	0	0	0	0	0	0	0	0	0	0	0	0	0	18	3	
"New Zealand"	0	0	172	8	0	9	5	0	0	0	0	0	6	0	1	0	21	0	0	3	
"Pakistan"	43	0	0	7	0	0	0	30	8	0	2	0	270	19	0	0	14	0	0	2	
"Mauritania"	2	22	0	0	0	10	0	95	0	2	16	3	8	0	0	0	0	11	15	2	
"Mauritius"	0	0	0	6	7	9	88	0	0	4	5	5	3	1	2	0	3	55	1	2	
"Egypt"	98	52	135	122	46	100	141	107	610	281	348	256	368	573	402	340	117	439	195	2	
"Thailand"	6	0	51	0	0	0	0	0	0	0	0	0	0	0	0	0	0	0	0	2	
"Syrian Arab Republic"	14	44	25	0	0	2	0	0	1	1	13	1	66	145	4	13	0	1	22	1	
"China"	0	0	0	0	2	7	0	2	0	0	0	3	0	0	0	1	0	0	0	1	
"Croatia"	298	349	90	161	23	20	14	1	54	596	386	65	62	57	5	34	46	0	5	1	
"Chad"	0	0	0	0	0	0	0	14	0	0	0	0	0	0	0	0	0	0	0	0	
"Ecuador"	1343	0	548	0	901	0	1262	0	213	24	151	558	301	0	0	0	0	216	0	0	
"Equatorial Guinea"	48	1	0	0	0	14	0	0	0	0	0	0	0	0	0	0	0	0	0	0	
"Ethiopia"	16	0	0	0	27	13	0	4	0	0	311	0	0	0	0	21	3	262	1276	0	
"Colombia"	3	0	93	4	0	0	0	0	0	53	1	0	1	0	0	10	136	0	0	0	
"Congo"	1	37	0	26	0	0	0	0	0	13	0	4	0	40	13	1	0	0	0	0	
"Congo, Democratic Republic of the"	0	0	0	0	0	1	0	0	0	0	0	0	0	0	0	0	0	0	0	0	
"Costa Rica"	0	0	0	0	0	0	0	0	0	0	0	0	0	0	4	0	0	0	0	0	
"Cabo Verde"	0	0	0	0	15	0	0	0	0	0	0	0	0	0	0	0	0	0	0	0	
"Burundi"	0	0	0	0	0	0	0	0	0	0	0	0	0	0	0	0	0	3	0	0	
"Bosnia and Herzegovina"	99	103	0	0	14	71	14	123	42	173	493	85	119	46	33	0	0	14	53	0	
"Bahamas"	0	0	0	0	0	0	1	0	0	0	0	0	0	0	0	10	0	0	0	0	
"Bahrain"	26	0	4	0	47	6	17	0	0	28	0	11	3	5	10	4	0	3	2	0	
"Australia"	43	97	95	110	91	65	78	86	0	116	114	38	50	96	94	7	40	49	76	0	
"Angola"	0	12	0	0	2	0	0	0	0	7	0	0	38	13	0	0	0	0	1	0	
"Afghanistan"	0	0	0	0	0	5	22	2	0	0	73	0	0	2	1	0	0	0	5	0	
"Iceland"	2	34	0	0	0	0	0	0	0	5	0	28	0	0	0	0	0	9	0	0	
"Guatemala"	0	0	0	0	0	0	0	0	0	0	0	0	26	0	0	0	0	0	0	0	
"Guinea"	0	0	0	21	0	0	0	0	0	4	18	2	0	0	0	0	5	0	0	0	
"Honduras"	0	0	0	0	0	0	0	0	0	0	14	0	0	0	0	0	0	0	60	0	
"Hong Kong, China"	8	8	9	0	0	10	1	0	0	0	0	18	0	0	0	0	9	14	0	0	
"Gambia"	0	0	0	0	0	0	0	0	0	0	0	0	0	0	0	0	0	0	1	0	
"Palestine, State of"	0	0	0	0	0	0	0	0	0	0	7	10	0	0	1	0	27	0	0	0	
"Djibouti"	97	4	0	0	3	0	0	0	0	0	0	0	0	0	0	2	0	0	0	0	
"Gabon"	0	78	37	15	0	0	0	36	0	0	22	0	0	31	1	0	0	0	0	0	
"Finland"	23	83	0	43	12	12	14	23	0	36	17	2	0	24	0	0	0	0	17	0	
"Benin"	0	0	0	0	0	5	0	0	0	0	0	0	0	0	0	0	0	0	0	0	
"Luxembourg"	0	0	0	0	0	0	0	0	0	20	0	0	0	0	0	0	0	0	0	0	
"Madagascar"	0	0	0	8	2	0	0	0	0	0	0	0	0	0	0	0	3	0	0	0	
"Côte d'Ivoire"	13	41	0	8	0	12	0	0	0	9	0	0	3	28	0	0	0	0	0	0	
"Ireland"	23	104	0	32	59	36	96	23	25	31	37	27	68	63	140	21	23	15	60	0	
"Tajikistan"	96	189	287	55	35	27	0	3	482	555	170	43	155	163	1	0	12	0	39	0	
"Trinidad and Tobago"	0	0	0	0	24	0	0	0	0	0	0	0	0	0	0	0	24	0	0	0	
"Viet Nam"	28	41	0	2	10	0	32	0	0	0	1	2	25	5	0	0	21	11	82	0	
"Somalia"	2	3	0	0	0	0	0	0	0	0	0	0	1	0	0	0	2	0	18	0	
"South Africa"	0	20	0	11	0	1	0	0	0	0	0	0	0	0	31	0	0	1	0	0	
"Sudan (before 2012)"	5	0	0	11	2	0	0	20	13	0	0	9	0	97	0	88	0	0	1	0	
"Free Zones"	8	0	2	3	2	11	29	0	15	6	0	7	10	0	1	6	0	0	6	0	
"Burkina Faso"	0	0	0	1	0	0	0	0	0	0	1	0	21	0	0	1	0	0	0	0	
"Uruguay"	0	0	0	0	21	21	17	0	0	8	0	0	30	0	16	0	0	29	0	0	
"Venezuela, Bolivarian Republic of"	0	0	0	8	0	0	0	0	0	0	0	0	0	0	0	0	0	0	0	0	
"Yemen"	0	0	0	0	0	25	12	13	0	4	0	0	0	0	0	0	0	0	1	0	
"Zambia"	0	0	0	0	0	0	0	0	0	0	56	0	0	0	0	0	0	19	0	0	
"Mexico"	62	0	0	314	0	22	1	78	0	0	0	0	0	0	0	0	123	1	5	0	
"Taipei, Chinese"	0	29	0	0	0	24	0	0	0	0	0	0	0	0	0	0	0	9	0	0	
"Moldova, Republic of"	0	4	22	83	63	141	181	28	16	79	31	116	41	81	41	10	79	14	26	0	
"Mali"	0	0	17	4	7	0	0	0	0	0	8	0	0	2	20	0	0	1	0	0	
"Malta"	38	6	0	0	7	0	10	0	0	108	0	30	5	14	0	10	9	8	47	0	
"Latvia"	80	0	0	0	1	0	0	0	0	0	0	38	74	0	0	0	0	0	0	0	
"Liberia"	0	0	0	0	0	0	0	0	0	0	3	0	0	0	6	0	0	0	10	0	
"New Caledonia"	0	51	0	0	0	0	0	14	0	10	0	0	20	0	22	0	0	0	0	0	
"Mozambique"	0	1	0	0	0	0	0	0	0	0	0	0	0	0	0	17	8	0	0	0	
"Niger"	0	0	0	0	0	0	0	0	0	0	2	0	0	0	0	0	0	0	0	0	
"Nigeria"	0	0	0	0	0	9	7	1	8	22	147	0	31	121	26	9	1484	570	494	0	
"Peru"	0	0	0	0	0	12	24	17	0	1	20	14	24	0	0	122	23	0	10	0	
"Philippines"	0	0	24	1	9	0	0	0	15	0	0	0	0	0	0	1	0	0	0	0	
"Portugal"	89	35	8	30	44	61	15	17	0	43	168	47	92	46	39	35	12	11	56	0	
"Seychelles"	3	0	0	0	2	9	0	0	0	0	0	0	0	0	0	0	0	9	1	0	
"Sierra Leone"	0	0	0	0	0	0	0	0	0	0	0	0	0	0	0	8	0	20	0	0	
