Importers	Exported value in 2011-M04	Exported value in 2011-M05	Exported value in 2011-M06	Exported value in 2011-M07	Exported value in 2011-M08	Exported value in 2011-M09	Exported value in 2011-M10	Exported value in 2011-M11	Exported value in 2011-M12	Exported value in 2012-M01	Exported value in 2012-M02	Exported value in 2012-M03	Exported value in 2012-M04	Exported value in 2012-M05	Exported value in 2012-M06	Exported value in 2012-M07	Exported value in 2012-M08	Exported value in 2012-M09	Exported value in 2012-M10	Exported value in 2012-M11	
"World"	48981	50477	57206	56115	68184	59094	66920	67092	67845	47447	59757	75281	78400	82348	87410	81614	87319	76009	80541	78885	
"Germany"	9419	12279	11528	14504	17626	16822	13769	14077	14911	11045	11805	10809	11993	13311	14653	16332	18310	15870	13445	15797	
"United Kingdom"	6860	6964	8309	7117	11812	11039	15952	16062	15322	10179	9516	13462	13930	12476	17163	12094	14484	13848	16337	10824	
"France"	4080	6523	5205	3172	4610	4822	6678	7555	6291	4418	7038	10780	7512	7635	9050	8496	8717	5791	7490	6860	
"Italy"	2014	2167	3133	2371	1844	3504	3144	2967	2747	2589	2866	4059	4501	6122	5842	5756	6171	4824	4064	5543	
"Argentina"	560	586	0	0	0	0	0	0	0	0	0	0	0	0	3	0	2	1527	4821	4888	
"Sweden"	2734	1332	1327	1293	1639	1022	2025	2145	1609	1840	2805	3475	3049	2235	2322	2458	2162	2250	2686	3548	
"Israel"	1084	1742	1448	1353	1006	1058	526	1431	2485	1907	1142	2958	2835	2911	1831	1213	3014	1788	2446	3074	
"Spain"	1024	1179	1115	2104	1392	1603	1481	1306	1207	733	1975	2856	3702	3809	3297	2871	2952	2874	3334	2848	
"United States of America"	3957	762	1876	4341	3356	1932	3084	2867	3397	3270	3193	4840	4474	3734	5515	4742	1357	859	3533	2156	
"China"	159	366	319	490	1047	589	869	913	650	68	123	603	1277	996	957	1562	815	965	1096	1929	
"Iraq"	1637	2777	2970	1865	4398	1535	3921	2369	1430	710	4797	3861	4929	3945	3641	3381	3536	3284	1656	1777	
"Libya, State of"	0	0	0	0	0	0	0	13	911	215	944	1508	4642	3541	6114	2777	3745	2632	961	1604	
"Azerbaijan"	806	716	663	593	656	893	589	578	1100	644	685	629	1190	896	848	764	713	390	1025	1264	
"Netherlands"	1415	710	691	741	1225	753	940	1042	1014	941	1194	1293	801	1163	901	1422	705	1474	1161	1085	
"Poland"	1333	1821	3270	2155	2041	1659	1729	1306	1890	1798	2754	2384	2052	1090	1430	1331	1512	1823	1053	1050	
"Denmark"	959	425	352	331	507	223	326	351	455	240	373	423	554	492	307	357	364	435	355	904	
"Egypt"	19	3	0	21	14	0	0	24	13	0	40	0	0	8	172	2	44	1823	0	887	
"Romania"	117	500	439	499	919	1277	913	673	617	189	388	587	708	461	477	540	458	1086	280	866	
"Australia"	335	92	214	265	559	857	24	338	1245	420	388	1127	239	158	465	293	1096	417	1185	847	
"Ukraine"	0	0	79	14	48	27	115	64	5	0	8	141	154	394	372	375	432	241	622	809	
"Portugal"	356	139	469	549	618	445	513	350	434	292	836	497	419	748	768	864	651	309	576	747	
"Georgia"	657	779	1037	1022	1245	347	414	280	669	561	154	593	762	610	833	862	690	625	490	712	
"Greece"	399	414	563	660	532	762	625	562	362	349	285	471	483	626	635	883	1271	1104	1189	609	
"South Africa"	0	9	7	22	4	0	0	2	0	61	21	2	6	12	30	32	28	44	544	601	
"Czech Republic"	55	27	31	355	174	133	156	322	182	130	221	287	125	202	353	276	538	403	247	573	
"United Arab Emirates"	174	355	484	827	231	339	840	926	1364	161	99	86	527	595	247	243	347	421	367	473	
"Cyprus"	65	235	253	204	255	200	322	245	677	134	40	159	363	28	244	138	73	148	344	434	
"Iran, Islamic Republic of"	1025	2097	606	2502	1347	2338	2496	1985	1468	715	1316	1554	888	2067	1026	976	1010	784	922	405	
"Ireland"	172	160	84	218	247	218	605	620	259	256	215	87	156	323	213	331	449	380	422	392	
"Hungary"	405	459	244	291	95	217	249	287	263	209	214	297	662	549	409	189	299	276	262	381	
"Canada"	1162	198	167	509	528	269	639	776	439	251	260	460	20	514	452	136	270	652	189	377	
"India"	24	19	14	9	83	6	0	9	67	0	0	0	162	13	101	208	14	69	71	345	
"Belgium"	64	394	305	410	170	151	69	185	209	57	231	148	169	172	273	190	429	192	289	334	
"Bulgaria"	66	49	253	206	237	233	166	432	79	39	14	148	226	343	466	449	498	350	289	310	
"Austria"	241	62	69	178	133	150	302	217	190	126	150	258	242	310	178	251	397	182	209	250	
"Jordan"	501	692	489	607	228	18	33	42	89	395	523	117	358	863	81	160	323	68	325	219	
"Lebanon"	250	190	327	0	167	24	325	31	154	148	28	387	460	598	121	189	571	194	250	207	
"Kazakhstan"	64	53	130	72	113	53	180	378	51	129	124	106	153	208	222	157	385	526	314	186	
"Serbia"	11	12	53	65	110	24	84	69	106	60	79	126	117	170	133	158	132	161	82	176	
"Russian Federation"	13	37	1075	897	158	217	278	385	93	47	74	294	126	174	70	175	141	423	189	159	
"Slovenia"	48	54	140	234	101	19	81	42	19	65	62	57	59	104	80	54	99	109	115	156	
"Albania"	464	341	91	24	27	27	6	25	35	0	9	69	24	58	53	171	115	155	110	145	
"Bosnia and Herzegovina"	71	128	81	119	167	83	86	149	32	21	25	33	75	99	54	151	178	67	119	135	
"Macedonia, The Former Yugoslav Republic of"	38	12	77	35	87	76	72	115	48	107	133	106	99	159	99	133	178	159	189	134	
"New Zealand"	201	35	214	164	137	118	0	303	280	102	121	110	0	0	24	5	194	124	5	129	
"Finland"	226	297	350	269	207	117	296	252	174	221	415	559	208	355	456	375	273	156	257	121	
"Malaysia"	8	15	0	28	117	125	90	23	11	21	16	3	0	0	72	38	56	65	11	120	
"Switzerland"	91	135	78	79	93	57	99	71	125	88	102	108	75	113	85	107	80	111	80	114	
"Slovakia"	25	78	46	41	62	43	35	70	71	12	23	44	101	77	78	77	87	104	125	104	
"Uzbekistan"	36	105	36	68	141	61	60	193	89	148	110	16	68	85	57	44	381	204	133	99	
"Belarus"	0	0	7	2	0	8	2	20	7	0	29	4	21	33	54	40	27	0	0	90	
"Croatia"	73	131	163	207	56	208	46	110	79	30	84	212	226	120	149	228	204	77	77	86	
"Guinea"	0	0	38	0	0	0	0	0	10	0	48	8	0	3	0	0	1	9	0	83	
"Ghana"	0	95	76	13	0	0	0	5	0	0	0	111	24	4	100	9	45	45	0	82	
"Lithuania"	59	70	76	63	56	51	98	33	24	33	30	39	70	67	65	20	15	6	106	66	
"Ethiopia"	0	12	50	64	0	0	17	11	31	0	96	12	88	160	16	136	0	40	103	66	
"Singapore"	18	7	93	82	208	132	77	21	431	104	67	27	69	60	70	150	34	16	67	64	
"Tunisia"	0	0	43	0	128	0	1	0	39	0	0	61	0	324	66	32	203	34	114	43	
"Moldova, Republic of"	6	21	0	0	0	7	0	0	13	0	0	7	0	4	0	35	26	48	18	42	
"Norway"	0	0	0	24	55	25	0	109	32	0	33	0	23	0	80	71	0	0	0	39	
"New Caledonia"	0	15	0	0	0	16	0	0	0	0	19	0	0	0	0	0	7	0	0	38	
"Cameroon"	0	0	0	0	9	56	0	13	0	15	0	0	0	8	0	22	0	0	0	35	
"Saudi Arabia"	0	0	45	56	18	0	0	0	0	0	27	0	284	171	0	330	196	34	176	33	
"Morocco"	149	217	678	778	1095	1341	213	78	102	16	239	171	606	473	354	912	655	359	106	32	
"Malta"	111	21	30	20	15	112	17	52	11	16	50	43	32	74	62	26	93	55	45	32	
"Angola"	48	41	25	0	0	40	40	0	24	16	39	16	27	32	37	45	60	51	9	30	
"Mongolia"	4	4	4	2	2	0	18	41	9	0	16	3	8	19	0	20	29	7	8	28	
"Bolivia, Plurinational State of"	0	0	27	0	0	0	0	29	11	0	108	0	0	0	0	0	0	6	0	26	
"Senegal"	9	24	62	0	30	0	35	30	0	0	0	24	14	14	12	24	79	43	0	25	
"Yemen"	0	0	0	0	225	0	21	208	13	402	255	418	290	657	9	49	264	37	52	24	
"Burkina Faso"	13	0	0	0	0	0	22	0	0	0	0	0	10	0	0	0	18	0	0	23	
"Pakistan"	0	0	0	0	0	0	21	0	0	0	0	4	0	0	0	0	0	0	0	20	
"Qatar"	28	0	108	0	0	11	30	0	54	12	0	0	0	23	0	0	14	30	39	19	
"Gabon"	0	0	39	0	0	48	0	0	0	33	47	0	20	68	42	24	0	66	51	19	
"Kyrgyzstan"	455	598	422	241	423	190	185	251	147	35	96	277	256	361	0	0	16	84	129	17	
"Uruguay"	0	0	0	0	14	27	23	13	13	17	0	14	28	13	0	16	45	32	15	15	
"Turkmenistan"	325	133	175	449	397	204	286	89	993	199	14	50	93	219	88	167	579	170	596	15	
"Tajikistan"	0	12	0	0	11	11	3	20	50	22	36	64	12	2	0	0	16	14	0	12	
"Liberia"	0	0	0	0	10	1	0	0	0	0	0	0	20	0	0	10	0	0	0	12	
"Indonesia"	0	0	0	0	0	0	0	0	0	0	0	0	51	0	26	0	0	0	28	12	
"Algeria"	1607	0	4145	0	2493	0	0	0	11	1	124	12	114	3012	2177	3926	3410	1623	2170	12	
"Hong Kong, China"	495	9	61	57	22	16	21	174	55	0	57	26	0	26	9	4	26	22	26	11	
"Thailand"	23	0	0	15	0	41	19	0	37	0	66	12	31	39	50	96	0	0	11	11	
"Somalia"	0	0	0	0	0	0	226	0	0	0	0	0	0	0	0	22	0	0	0	7	
"Kenya"	13	13	0	0	0	0	14	0	0	4	0	0	0	0	7	0	41	0	0	2	
"Brazil"	0	0	0	0	0	0	0	0	0	0	0	0	0	1	0	0	0	0	0	2	
"Nepal"	0	0	0	0	0	0	3	0	1	0	0	0	0	0	0	1	0	0	0	1	
"Montenegro"	0	4	16	13	15	0	7	16	15	2	1	1	2	18	11	1	11	3	12	1	
"Oman"	0	0	0	0	87	0	0	0	0	0	0	0	51	6	0	0	0	77	62	0	
"Mali"	0	0	0	0	0	0	0	0	23	0	0	84	0	0	0	6	16	3	0	0	
"Peru"	0	0	0	0	0	0	0	0	0	0	0	0	0	0	0	0	0	0	0	0	
"Niger"	0	0	0	1	0	1	0	0	0	0	0	0	0	0	0	0	0	0	0	0	
"Nigeria"	0	197	0	0	172	0	0	9	125	0	0	17	0	102	37	0	91	98	20	0	
"Sudan (before 2012)"	2	79	48	0	51	46	17	28	54	7	57	47	110	69	68	120	56	0	38	0	
"Viet Nam"	0	0	0	0	0	0	0	40	0	0	0	24	0	0	67	2	0	27	0	0	
"Seychelles"	0	0	0	0	0	7	0	0	0	0	0	0	0	0	0	0	0	0	0	0	
"Sierra Leone"	0	0	0	0	0	0	0	0	0	0	0	0	4	0	0	0	0	0	0	0	
"Syrian Arab Republic"	0	0	7	10	0	0	22	116	0	0	0	0	0	0	0	11	0	0	0	0	
"Uganda"	0	0	0	0	0	0	0	0	0	0	0	0	0	0	0	0	0	0	0	0	
"Venezuela, Bolivarian Republic of"	0	0	0	0	0	0	0	2	0	0	0	0	0	0	0	0	0	0	0	0	
"Tanzania, United Republic of"	0	0	1	0	0	0	0	0	0	0	0	0	0	0	22	0	70	0	22	0	
"Free Zones"	9	0	0	7	1	1	0	0	12	1	0	5	0	2	30	0	0	0	16	0	
"Afghanistan"	26	34	16	9	10	0	24	56	4	22	33	12	10	42	16	15	0	61	15	0	
"Bahrain"	0	0	0	6	26	0	0	0	0	0	0	1	23	11	22	18	11	0	0	0	
"Bangladesh"	0	0	0	0	5	0	0	0	0	0	0	0	0	0	7	0	0	0	0	0	
"Estonia"	27	3	21	15	18	0	2	0	3	3	0	0	13	11	13	0	8	0	1	0	
"Faroe Islands"	0	0	0	0	0	0	0	0	0	0	0	10	0	0	0	0	0	0	0	0	
"Equatorial Guinea"	12	0	0	0	0	0	0	0	0	0	0	0	0	29	0	0	0	1	0	0	
"Benin"	29	0	0	0	0	0	0	0	14	141	0	22	0	0	0	0	0	0	0	0	
"Cabo Verde"	0	0	0	0	0	0	0	6	9	0	0	0	0	0	0	0	0	0	0	0	
"Chad"	0	0	0	0	8	0	0	0	19	0	0	7	9	0	0	0	18	0	0	0	
"Chile"	0	0	0	0	0	0	7	0	0	0	0	0	0	0	0	0	0	0	0	0	
"Colombia"	0	0	0	0	0	0	0	0	0	0	1	0	0	0	0	0	0	0	0	0	
"Comoros"	0	0	0	0	0	0	0	0	4	0	0	0	0	0	0	0	0	0	0	0	
"Congo"	3	0	0	0	0	0	0	0	7	0	0	0	0	2	0	8	22	0	0	0	
"Korea, Republic of"	0	0	0	0	0	0	0	0	0	0	0	1	0	0	0	0	0	0	0	0	
"Kuwait"	0	10	0	0	0	0	0	56	6	122	114	220	0	342	210	229	108	30	66	0	
"Côte d'Ivoire"	0	0	0	74	12	0	0	0	19	54	0	91	0	110	27	0	0	18	68	0	
"Mauritania"	0	0	0	15	0	0	0	30	0	27	25	108	0	53	84	0	5	16	0	0	
"Mauritius"	0	0	0	0	0	0	0	0	0	0	0	0	61	0	0	0	26	0	1	0	
"Mexico"	0	202	0	0	0	0	178	0	0	0	0	0	0	0	41	0	0	0	0	0	
"Taipei, Chinese"	0	0	0	0	0	0	21	0	0	0	0	28	26	0	0	0	24	0	0	0	
"Latvia"	0	0	0	0	0	0	0	0	0	0	11	0	0	0	0	0	0	0	0	0	
"Djibouti"	0	0	0	0	0	0	0	0	0	0	0	0	0	1	0	0	0	0	0	0	
"Guyana"	13	0	17	0	0	11	0	0	0	0	0	10	0	15	9	0	0	0	13	0	
