Importers	Exported value in 2011-M04	Exported value in 2011-M05	Exported value in 2011-M06	Exported value in 2011-M07	Exported value in 2011-M08	Exported value in 2011-M09	Exported value in 2011-M10	Exported value in 2011-M11	Exported value in 2011-M12	Exported value in 2012-M01	Exported value in 2012-M02	Exported value in 2012-M03	Exported value in 2012-M04	Exported value in 2012-M05	Exported value in 2012-M06	Exported value in 2012-M07	Exported value in 2012-M08	Exported value in 2012-M09	Exported value in 2012-M10	Exported value in 2012-M11	
"World"	34631	28063	32805	23133	21958	14445	14540	13194	18693	18605	22586	28436	29002	29118	21909	18444	13492	11995	14681	13322	
"United Kingdom"	4331	3369	3283	1113	2417	2212	1930	1198	1429	4196	1187	2728	2708	2579	3936	3529	2468	1213	2215	1667	
"Iraq"	1272	471	1038	883	702	811	451	1163	563	676	1959	1966	1377	1231	439	777	275	705	307	840	
"Azerbaijan"	1029	1507	1799	530	305	523	159	606	336	191	1070	491	1469	1573	577	372	418	254	620	796	
"Bulgaria"	1078	624	509	303	333	600	473	134	93	804	1307	1276	1430	809	353	524	456	471	530	773	
"Norway"	556	483	583	522	405	349	493	447	678	459	517	405	529	566	428	440	537	401	535	738	
"Germany"	699	1509	1267	1117	751	428	315	282	443	523	579	850	934	794	920	1017	430	794	425	707	
"Netherlands"	1562	1098	1044	1051	1274	716	1117	321	607	1528	1233	891	899	760	1655	907	916	787	348	642	
"Kazakhstan"	402	128	346	1171	412	231	503	143	659	154	1109	1888	530	921	630	1235	385	30	146	529	
"Ukraine"	2550	969	1163	1393	683	446	306	798	273	546	1942	1247	1689	853	488	247	295	523	745	482	
"France"	1808	756	1198	663	465	749	680	409	658	1161	971	1808	1231	965	198	1319	438	718	823	417	
"Kyrgyzstan"	39	0	88	4	58	15	0	0	27	347	0	257	394	414	0	49	2	24	123	339	
"United States of America"	388	501	113	154	216	4	75	0	60	104	464	134	483	417	254	203	209	0	68	333	
"Romania"	479	1289	1245	751	559	268	241	1101	1488	549	369	1622	2365	934	536	477	174	128	70	331	
"United Arab Emirates"	294	229	93	172	233	114	113	133	216	178	280	139	207	397	380	191	63	117	129	308	
"Israel"	428	207	248	534	425	251	193	105	554	428	353	524	360	685	427	309	330	225	302	288	
"Belgium"	334	150	346	362	142	94	131	75	80	140	64	161	295	120	299	129	112	95	83	274	
"Australia"	91	163	26	214	218	252	56	156	181	106	128	203	44	5	148	50	45	147	78	272	
"Saudi Arabia"	111	45	574	990	243	31	32	20	1242	900	332	200	43	297	80	264	520	90	286	256	
"Italy"	1337	868	642	1452	170	74	74	50	445	288	696	1175	494	1417	498	228	233	223	319	233	
"Libya, State of"	0	0	8	0	373	48	110	69	150	111	114	96	64	217	310	478	311	654	355	204	
"Georgia"	602	821	1000	680	1492	1879	597	396	446	168	1142	1554	1970	2378	1159	575	438	508	218	201	
"Russian Federation"	2370	1785	3490	656	1193	244	893	332	239	191	226	560	267	222	55	424	182	131	139	184	
"Sweden"	384	371	527	711	82	98	285	267	29	105	199	570	606	563	583	158	292	78	312	164	
"Greece"	152	667	896	351	502	52	164	89	24	49	106	272	356	228	221	93	170	27	94	158	
"Chile"	0	0	687	0	0	0	70	42	75	0	54	0	44	46	0	685	149	113	0	156	
"Denmark"	689	459	621	295	150	211	201	88	415	179	586	816	493	712	452	309	293	159	394	146	
"Poland"	1658	1322	874	830	764	863	196	863	707	671	252	74	513	351	435	429	618	208	318	134	
"Uzbekistan"	503	51	168	31	183	0	7	146	92	0	306	293	91	50	276	15	75	53	2	131	
"Lebanon"	201	38	322	92	62	3	27	0	0	403	164	281	170	75	79	73	95	174	12	116	
"Slovakia"	1132	129	677	501	730	356	92	793	563	86	11	0	437	729	100	29	319	183	133	114	
"Morocco"	342	18	156	116	24	52	190	112	216	214	298	458	217	196	572	50	6	82	26	94	
"Hungary"	387	282	469	457	286	291	243	181	128	356	227	589	507	463	316	166	41	165	97	86	
"Egypt"	161	148	164	199	187	73	63	246	600	174	538	119	120	352	215	19	22	1	124	84	
"Spain"	124	550	738	295	426	194	187	233	247	114	187	160	149	771	285	230	50	113	52	80	
"Iran, Islamic Republic of"	646	1321	814	516	1920	46	685	653	887	450	339	148	204	163	246	344	156	402	853	78	
"Switzerland"	156	143	367	161	267	137	98	111	61	161	323	149	120	69	173	44	102	136	69	75	
"Serbia"	565	718	991	345	26	72	136	250	240	6	302	750	451	325	325	29	27	52	63	74	
"Austria"	5	7	23	145	38	6	67	11	15	27	103	31	38	53	61	31	27	139	125	74	
"China"	0	0	10	19	8	0	1	0	0	0	0	0	0	10	0	142	3	328	800	71	
"Turkmenistan"	262	427	285	247	121	243	459	39	23	174	197	212	243	958	521	142	407	196	238	66	
"Kuwait"	167	193	146	122	86	15	0	0	50	103	243	52	37	54	10	48	117	48	62	63	
"South Africa"	230	0	601	202	675	358	235	0	220	0	273	0	1	8	0	20	0	34	227	59	
"Finland"	71	0	118	126	0	0	0	75	0	9	0	33	14	254	0	6	24	18	81	44	
"Ireland"	49	141	28	18	37	0	96	74	0	0	47	20	0	16	0	159	34	0	134	42	
"Czech Republic"	720	133	195	300	74	481	608	64	352	14	145	190	671	424	439	520	259	75	251	41	
"Belarus"	0	0	0	0	128	0	0	114	0	0	0	0	0	11	51	20	102	0	0	34	
"Portugal"	242	76	103	60	72	16	23	13	3	9	16	19	72	68	16	29	69	0	0	34	
"Kenya"	122	95	82	30	111	30	387	83	145	106	0	92	44	72	0	0	96	94	69	27	
"Mauritania"	0	0	2	0	0	0	0	6	0	13	0	21	0	0	8	0	52	0	100	23	
"Venezuela, Bolivarian Republic of"	0	0	0	74	0	0	2	0	4	9	0	2	0	16	0	4	0	0	63	20	
"Canada"	76	0	33	0	130	0	7	2	0	0	9	35	27	3	0	31	74	0	0	20	
"Cyprus"	163	176	178	99	78	49	52	85	147	12	21	107	125	321	301	131	97	172	59	19	
"Jordan"	26	16	124	75	149	46	0	6	223	626	185	154	151	67	50	15	0	51	0	14	
"Japan"	0	9	4	12	0	0	20	10	621	10	24	6	24	25	12	29	4	5	3	13	
"Bangladesh"	0	6	0	214	0	0	0	0	214	0	0	130	130	2	247	0	0	0	0	13	
"Madagascar"	0	0	0	0	0	0	0	0	0	0	0	0	0	0	0	0	0	0	0	12	
"Qatar"	0	28	0	3	0	5	0	15	13	56	4	7	70	8	61	3	0	0	30	12	
"Malta"	38	119	0	20	1	0	3	0	0	0	0	8	0	47	9	10	5	0	4	12	
"Albania"	178	103	153	38	4	3	22	11	12	0	0	110	416	407	182	96	23	0	1	11	
"Macedonia, The Former Yugoslav Republic of"	372	250	325	30	74	0	26	0	8	0	0	61	368	368	139	99	49	31	18	10	
"Philippines"	0	0	0	0	39	0	32	13	0	0	0	3	7	0	0	0	3	1	117	9	
"Estonia"	0	0	8	3	12	23	11	0	0	0	0	0	56	0	15	48	5	0	0	9	
"Senegal"	0	0	0	0	0	0	26	0	38	0	0	0	0	22	0	0	0	0	0	8	
"Burkina Faso"	0	0	0	0	0	0	0	0	0	0	0	0	6	0	0	0	0	0	0	7	
"Guinea"	0	0	0	0	0	0	0	0	0	0	0	0	0	0	0	0	0	0	0	7	
"Tanzania, United Republic of"	18	0	1	2	0	0	28	39	0	6	0	0	0	1	7	0	0	0	0	6	
"Tajikistan"	25	9	13	0	0	0	0	29	0	77	0	38	14	4	24	52	4	0	14	6	
"Free Zones"	34	36	110	37	21	0	10	1	13	3	8	16	5	32	4	17	7	37	27	5	
"Rwanda"	0	0	0	0	0	0	0	0	0	0	0	0	0	0	0	0	2	0	0	5	
"Hong Kong, China"	1	5	0	0	31	2	0	3	2	2	0	0	0	10	2	2	0	0	8	5	
"Croatia"	736	871	407	413	29	0	0	3	0	2	435	1084	677	425	663	30	0	15	0	5	
"Yemen"	0	0	43	15	24	0	1	0	0	4	0	0	11	0	0	0	0	0	24	4	
"Oman"	0	26	53	0	51	0	24	0	0	0	0	152	0	37	39	3	8	37	7	3	
"Bosnia and Herzegovina"	340	108	361	62	14	0	62	3	0	0	91	326	458	95	66	23	42	22	0	2	
"Liberia"	0	0	0	0	0	0	0	0	0	0	0	0	0	0	0	0	0	0	0	2	
"Iceland"	0	0	30	12	0	0	0	0	0	0	24	0	0	0	0	0	0	0	20	1	
"Ghana"	0	0	7	0	0	0	0	0	0	0	0	0	0	126	37	0	1	0	0	1	
"Taipei, Chinese"	0	0	0	0	0	10	0	0	0	0	0	0	0	0	0	0	9	0	3	1	
"Tunisia"	213	16	22	17	89	49	0	0	26	11	3	276	61	56	11	0	0	0	19	1	
"Uganda"	37	10	14	0	153	4	82	149	0	0	0	0	48	0	43	0	0	25	25	0	
"Thailand"	0	0	8	6	5	0	0	0	0	0	0	0	5	0	0	5	0	0	0	0	
"Trinidad and Tobago"	0	0	0	0	0	0	0	0	0	0	0	0	0	0	0	0	24	0	0	0	
"Syrian Arab Republic"	194	0	14	12	0	0	0	0	0	0	0	0	0	0	0	0	0	0	0	0	
"Uruguay"	0	0	28	0	0	0	0	9	0	0	0	0	0	0	0	0	0	22	0	0	
"Zambia"	0	18	0	0	40	0	55	37	0	25	0	0	0	0	0	31	0	0	0	0	
"Area Nes"	0	0	0	0	0	0	0	0	7	0	0	0	0	0	0	0	0	0	0	0	
"Mongolia"	0	0	0	0	0	0	0	0	0	0	0	0	0	0	0	11	0	0	0	0	
"Moldova, Republic of"	38	30	114	173	116	136	0	3	15	1	437	75	62	110	30	36	28	8	8	0	
"Montenegro"	116	73	19	20	15	0	36	0	0	1	149	120	119	169	14	0	8	0	0	0	
"Mauritius"	0	0	0	0	3	0	4	0	0	10	0	0	0	0	0	2	0	0	27	0	
"Mexico"	0	0	10	0	27	0	0	0	0	9	0	24	0	0	0	60	0	0	0	0	
"Mozambique"	0	0	0	0	40	0	38	55	0	0	12	0	0	5	0	5	1	0	0	0	
"New Zealand"	2	0	28	0	0	0	0	25	0	5	0	10	0	151	18	0	5	0	0	0	
"Nigeria"	0	8	0	0	82	0	266	0	0	0	56	0	0	0	33	0	32	41	44	0	
"Pakistan"	0	0	0	0	1	0	0	0	0	0	23	0	0	169	20	0	0	0	0	0	
"Paraguay"	0	0	0	0	0	0	0	0	0	0	0	0	0	0	100	0	0	0	0	0	
"Sierra Leone"	0	0	0	0	0	0	0	0	0	0	0	0	0	0	0	0	0	29	0	0	
"India"	8	59	17	0	10	17	0	0	11	0	12	0	0	158	0	2	20	5	9	0	
"Singapore"	0	50	0	0	0	55	0	0	0	0	0	0	25	0	8	0	22	0	0	0	
"Zimbabwe"	0	0	0	21	0	0	0	0	0	0	0	0	0	4	0	0	0	0	0	0	
"Sudan (before 2012)"	0	11	17	5	0	0	0	4	81	0	23	0	0	9	3	0	21	0	8	0	
"Viet Nam"	9	1	0	0	0	0	0	0	4	0	0	0	0	2	0	0	0	0	0	0	
"Slovenia"	283	409	77	27	106	0	0	0	12	0	6	29	332	111	176	1	10	0	0	0	
"Somalia"	0	0	0	0	0	0	0	0	0	0	0	0	0	0	0	0	0	0	0	0	
"Guatemala"	0	0	0	0	0	0	0	0	2	0	0	0	0	0	0	0	0	0	0	0	
"Gambia"	0	0	0	0	0	0	0	0	0	0	0	0	0	0	0	0	0	3	0	0	
"Palestine, State of"	0	0	0	0	0	9	0	0	0	0	0	0	0	0	0	0	0	0	0	0	
"French Southern and Antarctic Territories"	0	0	0	0	0	0	0	0	19	0	0	0	0	0	0	0	0	0	0	0	
"Gabon"	0	36	0	0	0	0	0	69	0	0	0	0	29	18	0	0	32	19	0	0	
"Indonesia"	0	0	0	124	0	0	0	0	0	0	0	0	0	0	0	0	1	0	0	0	
"Côte d'Ivoire"	0	0	0	0	0	6	0	0	0	0	0	0	0	0	15	0	0	0	0	0	
"Lithuania"	0	0	8	21	0	0	0	0	0	0	1	0	161	0	69	72	17	0	0	0	
"Luxembourg"	2	0	0	0	0	0	0	0	0	0	0	29	0	0	0	0	0	0	0	0	
"Malaysia"	0	0	0	0	8	0	0	6	0	13	0	7	0	88	0	0	82	0	0	0	
"Maldives"	0	10	0	0	12	0	0	0	0	0	0	0	0	0	0	0	0	0	0	0	
"Mali"	0	0	0	0	0	0	1	0	0	0	12	0	17	0	7	0	0	0	0	0	
"Korea, Republic of"	0	0	1	38	0	0	0	0	0	0	0	0	7	0	0	0	1	0	132	0	
"Latvia"	0	0	4	3	20	0	0	0	0	0	0	0	46	0	174	65	0	0	0	0	
"Brazil"	0	0	81	121	59	0	0	1	0	0	0	0	0	0	0	0	0	0	0	0	
"Bolivia, Plurinational State of"	0	0	0	0	0	0	0	9	0	0	0	0	0	0	0	0	0	0	0	0	
"Cameroon"	0	0	0	0	3	0	26	0	0	0	0	0	50	0	0	0	0	0	61	0	
"Myanmar"	0	0	10	0	0	0	0	0	6	0	0	0	0	0	0	0	0	0	0	0	
"Algeria"	708	193	6	77	39	92	74	55	42	10	68	57	74	245	122	0	6	53	256	0	
"Angola"	0	0	0	0	40	0	152	0	0	0	0	0	0	0	17	0	0	0	0	0	
"Afghanistan"	13	10	0	0	32	0	0	37	6	21	18	0	12	11	0	12	0	74	0	0	
"Bahrain"	0	0	0	22	0	0	0	0	4	134	0	17	25	160	0	0	0	0	0	0	
"Cuba"	0	0	0	0	4	0	0	0	3	0	0	0	0	0	0	0	0	0	0	0	
"Sri Lanka"	2	9	309	0	0	0	0	4	268	10	2	0	5	0	15	0	0	222	192	0	
"Chad"	0	0	0	0	0	0	0	0	0	0	0	0	0	0	0	0	0	0	0	0	
"Colombia"	0	0	0	37	0	0	0	0	4	2	0	0	0	0	0	0	0	0	0	0	
"Congo"	0	0	0	0	0	0	0	18	0	0	0	0	0	0	0	0	0	0	0	0	
"Congo, Democratic Republic of the"	0	0	0	0	0	0	12	0	0	0	0	0	0	0	0	0	0	0	0	0	
"Ecuador"	268	1096	0	414	375	0	0	0	930	375	0	0	0	0	27	0	0	0	0	0	
"Ethiopia"	0	0	0	0	0	5	5	0	0	0	0	28	0	64	0	17	9	5	0	0	
"Benin"	0	0	0	2	0	0	0	0	0	0	0	0	0	0	0	0	0	0	0	0	
